Time to failure, Number of defective sites, Fraction of defect
0.009790927061439147, 858, 0.06864
0.008952522075402002, 739, 0.05912
0.0047883377815998345, 434, 0.03472
0.00784525774560965, 680, 0.0544
0.009430656376545972, 773, 0.06184
0.009556204169013174, 779, 0.06232
0.008455624899367485, 720, 0.0576
0.01235904183314559, 979, 0.07832
0.00710371554059488, 590, 0.0472
0.007078847552886397, 594, 0.04752
0.008308339738581947, 766, 0.06128
0.009732672589751001, 833, 0.06664
0.007241774764241145, 664, 0.05312
0.009418230958842656, 818, 0.06544
0.009918279962994152, 802, 0.06416
0.005195366482781598, 474, 0.03792
0.00871064618479411, 715, 0.0572
0.006898571181915608, 661, 0.05288
0.011362972734495047, 950, 0.076
0.011192970101701909, 882, 0.07056
0.0075404013106677254, 654, 0.05232
0.0037239845503912153, 323, 0.02584
0.009573803821099156, 800, 0.064
0.008656401059212013, 735, 0.0588
0.003853892269662912, 334, 0.02672
0.008567808328632893, 704, 0.05632
0.00892804414510712, 716, 0.05728
0.00469508283353961, 431, 0.03448
0.007672507042361425, 622, 0.04976
0.00425317372561943, 349, 0.02792
0.008232602507312437, 663, 0.05304
0.01235588000672557, 1043, 0.08344
0.009543800249814481, 809, 0.06472
0.005916827460342519, 533, 0.04264
0.007765874034512688, 680, 0.0544
0.007780991407988781, 670, 0.0536
0.013058906992444712, 1009, 0.08072
0.009323719232133779, 804, 0.06432
0.005837913146671306, 506, 0.04048
0.009569946759495917, 822, 0.06576
0.008986898974665697, 736, 0.05888
0.010101054839821457, 833, 0.06664
0.009822554590465873, 849, 0.06792
0.010092540716987118, 846, 0.06768
0.007430104722883506, 680, 0.0544
0.007731421631378431, 610, 0.0488
0.012781183230205388, 1048, 0.08384
0.007123407052466414, 593, 0.04744
0.010049290971715997, 862, 0.06896
0.006827450154228276, 578, 0.04624
0.0112309364549614, 913, 0.07304
0.00831908108195562, 687, 0.05496
0.004328610357822464, 403, 0.03224
0.007455661853547005, 642, 0.05136
0.004120516773965391, 353, 0.02824
0.007167806403839331, 594, 0.04752
0.0074492266447911334, 650, 0.052
0.006045285412652141, 530, 0.0424
0.0071908309665139935, 651, 0.05208
0.005133386640046689, 426, 0.03408
0.005725130393074427, 473, 0.03784
0.01323051577438139, 1078, 0.08624
0.0034684969540090694, 298, 0.02384
0.007489352153795571, 630, 0.0504
0.007684800139443431, 650, 0.052
0.0041868931687813, 354, 0.02832
0.008191914586863646, 719, 0.05752
0.006941829027247216, 562, 0.04496
0.005753191698820386, 522, 0.04176
0.010268710240749417, 893, 0.07144
0.0036475962237518434, 328, 0.02624
0.010052445026107793, 825, 0.066
0.01036380493175482, 863, 0.06904
0.0068087278671656315, 592, 0.04736
0.009013080222552346, 764, 0.06112
0.010561944844266915, 870, 0.0696
0.007393797280776207, 617, 0.04936
0.0037307473043666464, 325, 0.026
0.0024037446274879034, 230, 0.0184
0.007261151561286136, 616, 0.04928
0.008596574232549867, 696, 0.05568
0.0063538156616999774, 522, 0.04176
0.009239446151196404, 773, 0.06184
0.006924101183831254, 589, 0.04712
0.007410895567108845, 603, 0.04824
0.010429769914875703, 893, 0.07144
0.005267062104958538, 459, 0.03672
0.003987453790524458, 346, 0.02768
0.006846442790276074, 555, 0.0444
0.00792286870718215, 672, 0.05376
0.00634186674947277, 529, 0.04232
0.008612935805773238, 672, 0.05376
0.006977749447104963, 588, 0.04704
0.01085060170515351, 855, 0.0684
0.006993539108646995, 592, 0.04736
0.008549358239347611, 733, 0.05864
0.008046497630334654, 692, 0.05536
0.010114891525825011, 835, 0.0668
0.009738238520264822, 839, 0.06712
0.008542409621191505, 693, 0.05544
0.005565694995186924, 491, 0.03928
0.0063741442730662606, 555, 0.0444
0.006858332705945287, 560, 0.0448
0.006192973275231407, 568, 0.04544
0.010889430599943664, 920, 0.0736
0.004860488164587228, 458, 0.03664
0.006720269724560599, 519, 0.04152
0.005623967670898592, 496, 0.03968
0.013260804807476002, 1110, 0.0888
0.007924553976232582, 737, 0.05896
0.008776534028240093, 778, 0.06224
0.009460587425139957, 790, 0.0632
0.008438335653388295, 730, 0.0584
0.00963766833165377, 806, 0.06448
0.004174552782305975, 350, 0.028
0.007918258023261033, 678, 0.05424
0.004990990120924564, 451, 0.03608
0.007258062045083185, 626, 0.05008
0.006196203131864706, 571, 0.04568
0.004802855848153324, 408, 0.03264
0.008497941069924114, 754, 0.06032
0.005246707169269205, 434, 0.03472
0.0038079646683924218, 338, 0.02704
0.010770760332092679, 908, 0.07264
0.007087289887735773, 619, 0.04952
0.004427367718710321, 413, 0.03304
0.004948176829595245, 425, 0.034
0.0074119364614163765, 616, 0.04928
0.00909447178801489, 732, 0.05856
0.010239287825388563, 825, 0.066
0.0055410237071663055, 466, 0.03728
0.008685913594208002, 718, 0.05744
0.005167207329888188, 431, 0.03448
0.008179041975225834, 696, 0.05568
0.010716339690139737, 871, 0.06968
0.00823801580478943, 668, 0.05344
0.006368562608919271, 557, 0.04456
0.010718414332310067, 888, 0.07104
0.011475893096600005, 953, 0.07624
0.010155365447197832, 803, 0.06424
0.0029480729993234182, 246, 0.01968
0.012247088424425501, 1056, 0.08448
0.012003032960880488, 950, 0.076
0.005861520923225908, 526, 0.04208
0.007303086819199643, 600, 0.048
0.0044544664850106625, 392, 0.03136
0.007257556769626369, 597, 0.04776
0.013463849457427754, 1138, 0.09104
0.009305637888547887, 734, 0.05872
0.0047944418779864335, 376, 0.03008
0.003736323646609928, 335, 0.0268
0.005036214449892167, 420, 0.0336
0.009092173877819998, 747, 0.05976
0.003438896498054849, 290, 0.0232
0.008427410970734479, 692, 0.05536
0.00890446306617222, 732, 0.05856
0.006796360212300058, 576, 0.04608
0.007418614287731017, 688, 0.05504
0.0041199866397277326, 354, 0.02832
0.006202347579365245, 542, 0.04336
0.0037023579270792683, 297, 0.02376
0.00773259962108879, 679, 0.05432
0.005390524396245152, 466, 0.03728
0.009089294910682742, 762, 0.06096
0.006596877544369803, 569, 0.04552
0.007189286336698311, 669, 0.05352
0.0060288076217773975, 524, 0.04192
0.007402458435849461, 649, 0.05192
0.011122992853424359, 886, 0.07088
0.00585982056183329, 530, 0.0424
0.010906490044677171, 901, 0.07208
0.0069819128007474205, 592, 0.04736
0.008057722506378347, 729, 0.05832
0.00638141397898677, 525, 0.042
0.011176145700874003, 934, 0.07472
0.0030292430561991088, 255, 0.0204
0.00917788809382973, 777, 0.06216
0.007564232405731198, 602, 0.04816
0.010091490479586051, 886, 0.07088
0.009534516316381999, 803, 0.06424
0.013665324882196518, 1107, 0.08856
0.010992362602553396, 918, 0.07344
0.00542502431941329, 491, 0.03928
0.009544358731649168, 844, 0.06752
0.00881143664816218, 708, 0.05664
0.006681452423294144, 552, 0.04416
0.007110732160451821, 623, 0.04984
0.005542132482070752, 475, 0.038
0.007375943248395634, 607, 0.04856
0.005759398984229182, 483, 0.03864
0.011212782292675305, 931, 0.07448
0.006582136281742475, 570, 0.0456
0.008841188823564577, 731, 0.05848
0.00920578036544265, 755, 0.0604
0.009998923404074574, 835, 0.0668
0.007434010423514345, 630, 0.0504
0.005267768652324805, 489, 0.03912
0.008395068437836627, 704, 0.05632
0.003591784921010316, 309, 0.02472
0.008207745318335298, 640, 0.0512
0.00685999949219266, 569, 0.04552
0.009954638834912705, 791, 0.06328
0.008037636486007459, 657, 0.05256
0.004481228673048394, 379, 0.03032
0.01041040831308351, 862, 0.06896
0.008849686929774074, 746, 0.05968
0.009418781912124707, 767, 0.06136
0.012807148530510622, 1055, 0.0844
0.011531458026810479, 952, 0.07616
0.006854080190098217, 617, 0.04936
0.009833181399748982, 841, 0.06728
0.008756621879594494, 698, 0.05584
0.01036752179763198, 899, 0.07192
0.010828596400282818, 896, 0.07168
0.01034692408570524, 835, 0.0668
0.008797578773595872, 748, 0.05984
0.007594526727274359, 625, 0.05
0.010829051304038835, 910, 0.0728
0.009698653500636416, 828, 0.06624
0.011269553063394746, 926, 0.07408
0.00945147243089079, 794, 0.06352
0.010940468506923855, 868, 0.06944
0.009743104971702783, 874, 0.06992
0.003882190886575032, 312, 0.02496
0.012012536438240379, 1009, 0.08072
0.0057408852231898835, 492, 0.03936
0.006996425947835325, 612, 0.04896
0.01063855774960534, 890, 0.0712
0.006245928602744246, 545, 0.0436
0.006481074028032114, 559, 0.04472
0.010011704856129714, 862, 0.06896
0.006348643622557568, 548, 0.04384
0.011550178499690929, 957, 0.07656
0.010560356701012413, 868, 0.06944
0.009271653599159033, 815, 0.0652
0.00830801247443603, 677, 0.05416
0.009107559447691328, 815, 0.0652
0.0062435438214210335, 565, 0.0452
0.007605685721317482, 630, 0.0504
0.010275338551360955, 848, 0.06784
0.005462541339878107, 484, 0.03872
0.009447760892002244, 780, 0.0624
0.008252053630393781, 700, 0.056
0.004892739705102103, 418, 0.03344
0.008319337634800045, 708, 0.05664
0.012554989549065596, 1015, 0.0812
0.01053897467315991, 940, 0.0752
0.008493402080089913, 707, 0.05656
0.0066054527812875975, 605, 0.0484
0.007777433773053384, 703, 0.05624
0.008774952344615332, 752, 0.06016
0.008094042579036656, 679, 0.05432
0.008041982599532718, 743, 0.05944
0.005539334990427528, 474, 0.03792
0.009223935829429833, 774, 0.06192
0.009190975158486306, 789, 0.06312
0.005936392392259293, 494, 0.03952
0.005126412400000513, 424, 0.03392
0.010843864661095569, 900, 0.072
0.009984299577012554, 856, 0.06848
0.007656655594315153, 695, 0.0556
0.008186261746589539, 682, 0.05456
0.0036555967436616345, 327, 0.02616
0.008378210015791214, 731, 0.05848
0.010750682032694608, 856, 0.06848
0.008693355383803726, 695, 0.0556
0.007810608568708309, 657, 0.05256
0.004255107724391211, 404, 0.03232
0.007701597351172285, 649, 0.05192
0.010194020061783817, 811, 0.06488
0.009186240786952685, 739, 0.05912
0.004705153599789343, 405, 0.0324
0.009589177262230157, 800, 0.064
0.007918818140111972, 683, 0.05464
0.004157170780625217, 395, 0.0316
0.007080339544496906, 602, 0.04816
0.005484758137782618, 457, 0.03656
0.008577818645512308, 758, 0.06064
0.009212012189591078, 800, 0.064
0.009015446589609562, 793, 0.06344
0.013286259951243738, 1048, 0.08384
0.004589083001558208, 395, 0.0316
0.008571447470394133, 739, 0.05912
0.00580722487386974, 481, 0.03848
0.01040553341112495, 846, 0.06768
0.011436026281531347, 926, 0.07408
0.005787712946366224, 497, 0.03976
0.0073066454140225875, 609, 0.04872
0.0069101163447682626, 617, 0.04936
0.009459047640018765, 756, 0.06048
0.008119251171359374, 689, 0.05512
0.00722305091042212, 615, 0.0492
0.0068121621665493, 559, 0.04472
0.006727433966502926, 562, 0.04496
0.009589778062247284, 784, 0.06272
0.008249713867421968, 693, 0.05544
0.006875840354775368, 576, 0.04608
0.0059675843370259685, 519, 0.04152
0.005055808066978771, 428, 0.03424
0.005880985065843356, 529, 0.04232
0.002983651582749523, 270, 0.0216
0.009416034648824196, 812, 0.06496
0.007490938731193339, 668, 0.05344
0.004661811860832974, 405, 0.0324
0.008700466893108903, 728, 0.05824
0.008276226030438275, 670, 0.0536
0.0034682947931174222, 314, 0.02512
