Time to failure, Number of defective sites, Fraction of defect
0.06272787397112425, 1997, 0.15976
0.055549589568023805, 1696, 0.13568
0.06875794465442026, 2102, 0.16816
0.086274829618442, 2661, 0.21288
0.055532958064766, 1757, 0.14056
0.07629797434732813, 2255, 0.1804
0.051562954204423805, 1643, 0.13144
0.04780619182876032, 1563, 0.12504
0.07835525663425132, 2439, 0.19512
0.04712324614054211, 1550, 0.124
0.053594426014598406, 1741, 0.13928
0.04662717278067981, 1465, 0.1172
0.06309171817994975, 1907, 0.15256
0.06805704346767741, 2097, 0.16776
0.061540595193805545, 1861, 0.14888
0.052304349218335, 1629, 0.13032
0.05166824678185611, 1653, 0.13224
0.07049037274804226, 2144, 0.17152
0.07255873576806934, 2200, 0.176
0.04844334250321759, 1504, 0.12032
0.06065080324710186, 1875, 0.15
0.05516024485032752, 1726, 0.13808
0.07018965235933751, 2234, 0.17872
0.06186848554167082, 1893, 0.15144
0.054241072569934864, 1816, 0.14528
0.05359472890183892, 1690, 0.1352
0.03656876499533004, 1180, 0.0944
0.06335726025888651, 1986, 0.15888
0.05776697940735611, 1820, 0.1456
0.05718112213087593, 1794, 0.14352
0.036856343084454804, 1191, 0.09528
0.050184911931813715, 1523, 0.12184
0.057986271739175685, 1787, 0.14296
0.06857047779002112, 2084, 0.16672
0.036055679856087736, 1173, 0.09384
0.057856651450881, 1853, 0.14824
0.059434397752534854, 1874, 0.14992
0.06318907212805067, 1944, 0.15552
0.03147336582580258, 1045, 0.0836
0.04706639959938111, 1514, 0.12112
0.040127765752008146, 1306, 0.10448
0.08149019158920554, 2488, 0.19904
0.059677953053672884, 1938, 0.15504
0.06893106712842388, 2084, 0.16672
0.06613564427629265, 1993, 0.15944
0.04899192927603612, 1582, 0.12656
0.07576506822121779, 2297, 0.18376
0.06984279416108334, 2134, 0.17072
0.062200482474430024, 1939, 0.15512
0.057196528751163635, 1826, 0.14608
0.04992969619981026, 1635, 0.1308
0.05814500882201905, 1886, 0.15088
0.07179608153227234, 2195, 0.1756
0.047913036947144445, 1533, 0.12264
0.06482048651002599, 2012, 0.16096
0.05317191287279635, 1683, 0.13464
0.057492325431399836, 1784, 0.14272
0.059140280691677954, 1854, 0.14832
0.0453288687247877, 1443, 0.11544
0.05816792143077032, 1877, 0.15016
0.0648980931215619, 2029, 0.16232
0.07864323397713302, 2364, 0.18912
0.05089566099280919, 1605, 0.1284
0.0498283559522994, 1604, 0.12832
0.07669131050095844, 2325, 0.186
0.06851904719694007, 2209, 0.17672
0.04977378134404028, 1586, 0.12688
0.06777835089965753, 2131, 0.17048
0.05035533870736493, 1576, 0.12608
0.06671944144456537, 2051, 0.16408
0.07061378103635094, 2165, 0.1732
0.04619590317752278, 1463, 0.11704
0.06133169451125382, 1925, 0.154
0.027890763124811858, 897, 0.07176
0.07023445922974586, 2173, 0.17384
0.06536498507319678, 2022, 0.16176
0.04111315750738339, 1381, 0.11048
0.04971605622672406, 1572, 0.12576
0.053532325472350956, 1684, 0.13472
0.03480763801020799, 1090, 0.0872
0.055532308721602947, 1684, 0.13472
0.06650764910144889, 2075, 0.166
0.044248196958084074, 1392, 0.11136
0.0651668403583249, 2022, 0.16176
0.06414808338741698, 2029, 0.16232
0.03997133623821974, 1256, 0.10048
0.07124389558479721, 2346, 0.18768
0.06381020799616496, 1989, 0.15912
0.045046004939179506, 1400, 0.112
0.06263885502268227, 2006, 0.16048
0.06214370977262621, 1950, 0.156
0.06762761048978165, 2193, 0.17544
0.07310516926328348, 2285, 0.1828
0.0688057129551133, 2081, 0.16648
0.05010998940216945, 1560, 0.1248
0.045761851003566015, 1418, 0.11344
0.04331951932891306, 1378, 0.11024
0.05627228008154346, 1815, 0.1452
0.04713142871942689, 1564, 0.12512
0.01876862276161086, 623, 0.04984
0.06513766920284435, 2021, 0.16168
0.07620505832178198, 2371, 0.18968
0.07316228672012118, 2205, 0.1764
0.060804001646243805, 1882, 0.15056
0.05329966212774372, 1700, 0.136
0.06459588073193319, 2056, 0.16448
0.048233216869974394, 1521, 0.12168
0.06346697288932851, 1969, 0.15752
0.047247937834981824, 1565, 0.1252
0.05248694208612949, 1658, 0.13264
0.055818933488369214, 1772, 0.14176
0.058243618343511855, 1896, 0.15168
0.05556850354229336, 1747, 0.13976
0.05057207961870015, 1591, 0.12728
0.057915657319529544, 1804, 0.14432
0.07256052655022491, 2183, 0.17464
0.05656073401809985, 1753, 0.14024
0.07219013774799417, 2275, 0.182
0.07233575395164017, 2179, 0.17432
0.04045691879625757, 1333, 0.10664
0.0613074260344892, 1917, 0.15336
0.0628908764949462, 1856, 0.14848
0.05005827258295008, 1626, 0.13008
0.060318041891855044, 1932, 0.15456
0.04313320162496854, 1401, 0.11208
0.04494402727714787, 1461, 0.11688
0.05227088842141704, 1637, 0.13096
0.06705463332596023, 2092, 0.16736
0.07224189746418636, 2186, 0.17488
0.048931946070584355, 1572, 0.12576
0.040207007755380365, 1257, 0.10056
0.070121898071989, 2178, 0.17424
0.06885891738159346, 2137, 0.17096
0.04242879531532087, 1374, 0.10992
0.04553912161261266, 1473, 0.11784
0.06440696562195024, 2002, 0.16016
0.044938199196723164, 1430, 0.1144
0.03973405335533209, 1292, 0.10336
0.023017759457644255, 795, 0.0636
0.05624252882234171, 1803, 0.14424
0.06252935337210337, 1998, 0.15984
0.05595020089583081, 1755, 0.1404
0.057593993297004493, 1766, 0.14128
0.058928251446145254, 1881, 0.15048
0.06430227096402055, 1947, 0.15576
0.08241537394486695, 2448, 0.19584
0.05750878304401463, 1807, 0.14456
0.0390570316589766, 1281, 0.10248
0.04443568202702248, 1451, 0.11608
0.06688291283230735, 2028, 0.16224
