Time to failure, Number of defective sites, Fraction of defect
0.07408819406082348, 1449, 0.11592
0.08578766195212656, 1601, 0.12808
0.0745118878973656, 1475, 0.118
0.08280258300448641, 1551, 0.12408
0.08811647438839995, 1714, 0.13712
0.11624538221151122, 2161, 0.17288
0.09375633621235185, 1878, 0.15024
0.08976378727432467, 1736, 0.13888
0.12677681783438965, 2367, 0.18936
0.1002056396523398, 1855, 0.1484
0.10216413029900424, 1923, 0.15384
0.06081674128813568, 1142, 0.09136
0.07007552275635164, 1462, 0.11696
0.04790182184637204, 939, 0.07512
0.0937114333245794, 1814, 0.14512
0.08753808020135552, 1646, 0.13168
0.05014603143186089, 1009, 0.08072
0.12248427458789822, 2278, 0.18224
0.10766487828276919, 2068, 0.16544
0.052395308725272455, 1112, 0.08896
0.07774527345769268, 1537, 0.12296
0.07330744098817406, 1476, 0.11808
0.09111309970140745, 1708, 0.13664
0.11670571174467681, 2187, 0.17496
0.07602554981135518, 1443, 0.11544
0.05892152377761539, 1168, 0.09344
0.07709147812738895, 1508, 0.12064
0.0677464393996693, 1329, 0.10632
0.0931436706096225, 1789, 0.14312
0.11165638617566291, 2116, 0.16928
0.08021497736627949, 1504, 0.12032
0.11613192362755193, 2162, 0.17296
0.07329418247876143, 1430, 0.1144
0.09593268035770787, 1817, 0.14536
0.12249535268126585, 2275, 0.182
0.11649083466852542, 2217, 0.17736
0.0831512224643711, 1618, 0.12944
0.08205149690521392, 1608, 0.12864
0.0949345754521178, 1826, 0.14608
0.08806102854888755, 1704, 0.13632
0.11602692106460517, 2174, 0.17392
0.11385276302389236, 2091, 0.16728
0.07168451769538957, 1369, 0.10952
0.11581732484877406, 2144, 0.17152
0.08277945556095215, 1517, 0.12136
0.0958619502220768, 1772, 0.14176
0.11119687293528968, 2145, 0.1716
0.09247423408387467, 1836, 0.14688
0.07914538416285215, 1535, 0.1228
0.086361491246193, 1611, 0.12888
0.05605903560293632, 1082, 0.08656
0.08699513419695054, 1669, 0.13352
0.06984940399506928, 1417, 0.11336
0.1250349834923703, 2334, 0.18672
0.09907925426103771, 1857, 0.14856
0.10590797523652838, 2017, 0.16136
0.07514470159543798, 1435, 0.1148
0.10974830119366101, 2007, 0.16056
0.05753996217839596, 1145, 0.0916
0.10223090488061555, 1986, 0.15888
0.08588656414077814, 1652, 0.13216
0.08426901861982679, 1656, 0.13248
0.0672380919807511, 1329, 0.10632
0.11305024420549456, 2155, 0.1724
0.0584598389957297, 1189, 0.09512
0.0732152118159032, 1450, 0.116
0.12250231833554873, 2249, 0.17992
0.07941005406463332, 1490, 0.1192
0.10810329890346612, 2042, 0.16336
0.0829533842862307, 1593, 0.12744
0.10221316864874569, 1907, 0.15256
0.09232104802224807, 1759, 0.14072
0.10825375692590891, 2016, 0.16128
0.060460875666473395, 1206, 0.09648
0.10446442682568285, 1925, 0.154
0.10154111242905606, 1992, 0.15936
0.10736389203658085, 2050, 0.164
0.07885711974035324, 1575, 0.126
0.07897206609866207, 1581, 0.12648
0.08515204746115501, 1658, 0.13264
0.08973305489752822, 1674, 0.13392
0.06773715324199277, 1278, 0.10224
0.08555062611609446, 1691, 0.13528
0.10711233452792987, 2023, 0.16184
0.09606687867226142, 1778, 0.14224
0.07468859680496377, 1464, 0.11712
0.0901972631653614, 1757, 0.14056
0.12424275818533757, 2297, 0.18376
0.09162577316499043, 1817, 0.14536
0.09852039038676133, 1944, 0.15552
0.07459347088634417, 1439, 0.11512
0.09290340625288802, 1739, 0.13912
0.13054497032430265, 2412, 0.19296
0.09848803365202484, 1824, 0.14592
0.07546612591488344, 1510, 0.1208
0.10703082388091543, 2098, 0.16784
0.11398912164184415, 2202, 0.17616
0.10459741107951209, 1976, 0.15808
0.09688079984168896, 1862, 0.14896
0.08229524982471627, 1622, 0.12976
0.08323906862295685, 1568, 0.12544
0.07909277874084596, 1543, 0.12344
0.1031779345524359, 1931, 0.15448
0.08552385379617067, 1604, 0.12832
0.11016473657779806, 2113, 0.16904
0.11065751568201757, 1987, 0.15896
0.10303624108314476, 1957, 0.15656
0.09129298217395154, 1771, 0.14168
0.08612913523414413, 1613, 0.12904
0.09803065913130268, 1888, 0.15104
0.10946532298377186, 2089, 0.16712
0.09114096625484118, 1695, 0.1356
0.11877462976118014, 2253, 0.18024
0.10342472564132185, 1982, 0.15856
0.12575540473676197, 2351, 0.18808
0.11957838648509653, 2265, 0.1812
0.08742382446359026, 1674, 0.13392
0.09600041629763549, 1856, 0.14848
0.09593202223895002, 1864, 0.14912
0.09255599381716789, 1833, 0.14664
0.09805973496957357, 1852, 0.14816
0.05736553294202035, 1173, 0.09384
0.10721798655506495, 2022, 0.16176
0.10983351931907737, 2069, 0.16552
0.09946207059823413, 1888, 0.15104
0.11056160658707193, 2068, 0.16544
0.0942293493369059, 1848, 0.14784
0.11583820527292152, 2173, 0.17384
0.09202146107869943, 1711, 0.13688
0.07328316037829652, 1472, 0.11776
0.09790923365136182, 1824, 0.14592
0.10778570248546915, 2047, 0.16376
0.10047304124189574, 1920, 0.1536
0.09287747082182554, 1793, 0.14344
0.11183746155123345, 2122, 0.16976
0.07406506983536033, 1430, 0.1144
0.09208973957061456, 1764, 0.14112
0.09992772632034991, 1917, 0.15336
0.11798476739599835, 2239, 0.17912
0.05366487614319412, 1050, 0.084
0.08616875873201255, 1688, 0.13504
0.10596409888697328, 1998, 0.15984
0.11631507582007405, 2214, 0.17712
0.07509344536005659, 1455, 0.1164
0.061440749671408335, 1235, 0.0988
0.10110625311573197, 1872, 0.14976
0.08260678360768092, 1551, 0.12408
0.1002010996942155, 1910, 0.1528
0.11026114682736336, 2092, 0.16736
0.07441226000279479, 1454, 0.11632
0.11758836441144077, 2210, 0.1768
0.086028415640172, 1706, 0.13648
0.10128341032366127, 1908, 0.15264
0.11026687569711797, 2128, 0.17024
0.11749207649640502, 2271, 0.18168
0.07925066262465875, 1485, 0.1188
0.10496834455614604, 2029, 0.16232
0.12740605808838543, 2373, 0.18984
0.08291908433924115, 1501, 0.12008
0.08661948339700332, 1596, 0.12768
0.11553280941333684, 2205, 0.1764
0.11165911692921969, 1997, 0.15976
0.09581442805241001, 1856, 0.14848
0.0844894017527204, 1686, 0.13488
0.036852116429372715, 702, 0.05616
0.09831223918266013, 1905, 0.1524
0.039962176506190626, 845, 0.0676
0.1109576342053183, 2057, 0.16456
0.0861244490365024, 1606, 0.12848
0.09713236841427056, 1773, 0.14184
0.11836775489893349, 2193, 0.17544
0.09156534576025194, 1765, 0.1412
0.10565643118514666, 2069, 0.16552
0.10730847796039303, 2053, 0.16424
0.09829978581300611, 1850, 0.148
0.10395221965382861, 1932, 0.15456
0.10616095885796564, 2077, 0.16616
0.1308765486440212, 2402, 0.19216
0.0835634528282902, 1581, 0.12648
0.09386071580386585, 1794, 0.14352
0.10091929303187266, 1914, 0.15312
0.13626774583585424, 2554, 0.20432
0.11379988569597352, 2111, 0.16888
0.11759888240750112, 2127, 0.17016
0.06516072683887547, 1268, 0.10144
0.08994027034209724, 1723, 0.13784
0.07238588619756162, 1460, 0.1168
0.06600360474291346, 1221, 0.09768
0.12687260072845338, 2389, 0.19112
0.0991263614989976, 1916, 0.15328
0.07805959769174906, 1443, 0.11544
0.12107965612340667, 2192, 0.17536
0.09926388718266103, 1906, 0.15248
0.0655212788308366, 1271, 0.10168
0.11964904954656287, 2249, 0.17992
0.08177468421013964, 1604, 0.12832
0.12560127767207996, 2310, 0.1848
0.057586852332585044, 1126, 0.09008
0.10732809382501747, 2003, 0.16024
0.09865803108030885, 1847, 0.14776
