Time to failure, Number of defective sites, Fraction of defect
0.02589927425422546, 1200, 0.06857142857142857
0.014791632148476556, 675, 0.03857142857142857
0.026576467072485194, 1237, 0.07068571428571428
0.021861209352209674, 1026, 0.058628571428571426
0.015849975909437573, 770, 0.044
0.022217679319276238, 1004, 0.05737142857142857
0.017512108631486174, 798, 0.0456
0.017768013216764474, 796, 0.04548571428571429
0.01903972321704983, 885, 0.05057142857142857
0.01720372963120256, 829, 0.04737142857142857
0.016381080335442316, 720, 0.04114285714285714
0.014463006932017587, 650, 0.037142857142857144
0.017138387307843752, 810, 0.046285714285714284
0.01674248734508478, 810, 0.046285714285714284
0.021997986840783246, 962, 0.054971428571428574
0.016729955711975254, 774, 0.04422857142857143
0.02420378274213962, 1088, 0.06217142857142857
0.025531462244667204, 1173, 0.06702857142857142
0.015610454220062365, 747, 0.042685714285714285
0.020388065538401473, 885, 0.05057142857142857
0.01683081903458688, 783, 0.04474285714285714
0.024682804380347857, 1184, 0.06765714285714286
0.005795428802476997, 255, 0.014571428571428572
0.023883068237073767, 1105, 0.06314285714285714
0.010361929699901533, 512, 0.029257142857142857
0.011279587301249913, 537, 0.030685714285714285
0.022671969175729126, 1027, 0.058685714285714285
0.017835041851745698, 839, 0.04794285714285714
0.018681092476913085, 894, 0.05108571428571428
0.014149093913370466, 663, 0.037885714285714286
0.018937468853885427, 863, 0.04931428571428571
0.01746678096464555, 811, 0.046342857142857144
0.02289734668155768, 1062, 0.06068571428571429
0.020059817030760756, 967, 0.05525714285714286
0.022868788466786156, 1023, 0.05845714285714286
0.02242249587910378, 1034, 0.05908571428571428
0.020454756349436762, 887, 0.050685714285714285
0.013617618750197956, 629, 0.035942857142857144
0.02183928236872949, 1004, 0.05737142857142857
0.010018161898168907, 462, 0.0264
0.021287674562441117, 1015, 0.058
0.025994694236885565, 1176, 0.0672
0.014871861910132464, 732, 0.04182857142857143
0.020267447745203608, 948, 0.05417142857142857
0.02246523737566008, 1007, 0.057542857142857146
0.015748117682757017, 726, 0.041485714285714285
0.020489885140460084, 883, 0.05045714285714286
0.019298349679314226, 890, 0.05085714285714286
0.021103186597818346, 971, 0.055485714285714284
0.021288722740579472, 1046, 0.05977142857142857
0.019995666039329386, 978, 0.05588571428571429
0.020421821870433912, 905, 0.05171428571428571
0.023550437546996542, 1088, 0.06217142857142857
0.021101764742505708, 936, 0.05348571428571428
0.02409996373863127, 1211, 0.0692
0.022283184190078485, 1057, 0.0604
0.025620338015475974, 1172, 0.06697142857142857
0.015317913568295908, 720, 0.04114285714285714
0.007201056723521469, 377, 0.02154285714285714
0.02075091057391062, 944, 0.05394285714285714
0.025332580275889995, 1131, 0.06462857142857142
0.0210278784111894, 1010, 0.05771428571428571
0.014566774963579436, 646, 0.03691428571428571
0.017741706169415034, 834, 0.047657142857142856
0.021298873431548793, 976, 0.05577142857142857
0.021846376135024263, 1026, 0.058628571428571426
0.021514029104867095, 1011, 0.05777142857142857
0.019623247194405495, 871, 0.04977142857142857
0.020835506812368815, 953, 0.05445714285714286
0.01778585516788777, 813, 0.04645714285714286
0.019177292169961713, 893, 0.05102857142857143
0.014440589020134308, 702, 0.04011428571428571
0.018701497159938896, 810, 0.046285714285714284
0.02338536585692966, 1062, 0.06068571428571429
0.019896947363942197, 894, 0.05108571428571428
0.015719262212128323, 731, 0.04177142857142857
0.01880472897325145, 870, 0.04971428571428571
0.023770449456510283, 1068, 0.06102857142857143
0.017462697023529553, 835, 0.047714285714285716
0.013759595915372883, 619, 0.035371428571428574
0.02380457015082248, 1136, 0.06491428571428572
0.024236478151410543, 1085, 0.062
0.013865205317158937, 650, 0.037142857142857144
0.018859913913100355, 879, 0.05022857142857143
0.021183766872801366, 960, 0.054857142857142854
0.020098620165522482, 859, 0.04908571428571429
0.012221022604690495, 584, 0.03337142857142857
0.01792916033824142, 832, 0.047542857142857144
0.018883824737380005, 871, 0.04977142857142857
0.013031931079328908, 572, 0.03268571428571428
0.021576910010781644, 993, 0.056742857142857143
0.018185703561605347, 835, 0.047714285714285716
0.02322583908205441, 1026, 0.058628571428571426
0.01566252699029436, 754, 0.04308571428571428
0.022233908163494565, 984, 0.056228571428571426
0.014762601231042739, 675, 0.03857142857142857
0.020890630298775942, 1026, 0.058628571428571426
0.021920343576810556, 1070, 0.061142857142857145
0.0151526157583512, 714, 0.0408
0.013581563830918018, 649, 0.037085714285714284
0.01922337741584793, 911, 0.05205714285714286
0.02281537599111089, 1052, 0.06011428571428572
0.0235195603230514, 1078, 0.0616
0.01871074308030055, 906, 0.05177142857142857
0.02412697693179384, 1059, 0.060514285714285715
0.023549628544753128, 1109, 0.06337142857142856
0.017064509064924942, 823, 0.047028571428571427
0.02299015342302039, 1027, 0.058685714285714285
0.017328327142578554, 823, 0.047028571428571427
0.01695915047405237, 819, 0.0468
0.01855641348878995, 815, 0.04657142857142857
0.01583634969572792, 728, 0.0416
0.014364402526259255, 697, 0.03982857142857143
0.014833322731767481, 702, 0.04011428571428571
0.013078835551657996, 644, 0.0368
0.025098365227196426, 1135, 0.06485714285714286
0.02250168652069757, 995, 0.056857142857142856
0.01706623927362369, 776, 0.04434285714285714
0.020516128318780323, 923, 0.05274285714285714
0.01687330478945854, 748, 0.042742857142857145
0.013025182833493432, 594, 0.03394285714285714
0.023788070776008717, 1116, 0.06377142857142858
0.026829960105822673, 1172, 0.06697142857142857
0.02555193891124487, 1146, 0.06548571428571429
0.015345558778895187, 723, 0.04131428571428571
0.015960699598885585, 710, 0.04057142857142857
0.016836630490503487, 809, 0.04622857142857143
0.023845694324245593, 1072, 0.06125714285714286
0.023775339578580235, 1077, 0.06154285714285714
0.02224867275902051, 1018, 0.05817142857142857
0.016929368368763468, 764, 0.04365714285714286
0.019958066178110554, 955, 0.05457142857142857
0.018403260962316086, 780, 0.044571428571428574
0.02019941502670922, 950, 0.054285714285714284
0.02061273720033474, 972, 0.055542857142857144
0.026056467568855417, 1123, 0.06417142857142857
0.012759820239196435, 597, 0.034114285714285715
0.01985281549600248, 935, 0.05342857142857143
0.022109626760439864, 993, 0.056742857142857143
0.021767931709474973, 1044, 0.05965714285714286
0.015614201622577487, 753, 0.04302857142857143
0.015155864347050896, 682, 0.038971428571428574
0.020359696118024767, 933, 0.05331428571428572
0.025006948195909942, 1098, 0.06274285714285714
0.019048937780197815, 905, 0.05171428571428571
0.02014805009737868, 953, 0.05445714285714286
0.019294567736120045, 911, 0.05205714285714286
0.018151284929690117, 862, 0.04925714285714286
0.01738973368286258, 805, 0.046
0.02131606194469198, 1024, 0.05851428571428571
0.01674873818912154, 806, 0.04605714285714286
0.016281058927815863, 776, 0.04434285714285714
0.021293121964577045, 961, 0.054914285714285714
0.015654650167786062, 762, 0.04354285714285714
0.023651605388591058, 1110, 0.06342857142857143
0.018539159927017216, 875, 0.05
0.024660988124111955, 1137, 0.06497142857142857
0.015426258713234301, 698, 0.03988571428571429
0.019605620599463632, 924, 0.0528
0.018917629911535182, 905, 0.05171428571428571
0.019993194888296616, 937, 0.05354285714285714
0.019349186628600103, 923, 0.05274285714285714
0.016809188058950566, 786, 0.04491428571428571
0.023010730261085452, 1061, 0.06062857142857143
0.015784653357529564, 776, 0.04434285714285714
0.018979448009813996, 856, 0.048914285714285716
0.02215789674079666, 1003, 0.05731428571428571
0.020148322192838058, 873, 0.04988571428571428
0.022895575928479895, 1030, 0.05885714285714286
0.022653807422022217, 1110, 0.06342857142857143
0.021330053721619963, 985, 0.056285714285714286
0.02008864737474744, 917, 0.0524
0.014417548546863817, 682, 0.038971428571428574
0.026322164483091055, 1165, 0.06657142857142857
0.019248680693999078, 940, 0.053714285714285714
0.0188263151440715, 865, 0.049428571428571426
0.019034020592920135, 865, 0.049428571428571426
0.02373946586165986, 1122, 0.06411428571428572
0.018869834229186394, 935, 0.05342857142857143
0.020443866844366075, 927, 0.05297142857142857
0.01763749950144019, 859, 0.04908571428571429
0.017223207749277995, 828, 0.04731428571428571
0.020730663932014722, 935, 0.05342857142857143
0.011639828987875899, 550, 0.03142857142857143
0.02432520519889643, 1154, 0.06594285714285714
0.015645079646799443, 656, 0.03748571428571429
0.0186194993514892, 885, 0.05057142857142857
0.016905645892730997, 758, 0.043314285714285715
0.02438234453195029, 1133, 0.06474285714285714
0.01943011667672917, 887, 0.050685714285714285
0.01612487207946807, 757, 0.043257142857142855
0.016995207508619256, 791, 0.0452
0.022130269280729562, 1004, 0.05737142857142857
0.019247830778813563, 920, 0.052571428571428575
0.01860035846284427, 872, 0.04982857142857143
0.017294507117553697, 843, 0.04817142857142857
0.023704653071893466, 1069, 0.061085714285714285
0.01946173001170987, 936, 0.05348571428571428
0.018938118279279288, 885, 0.05057142857142857
0.023686333394101863, 1117, 0.06382857142857143
0.020867081171275084, 937, 0.05354285714285714
0.01965981085884371, 949, 0.05422857142857143
0.01859213009793582, 849, 0.04851428571428571
0.013386006419709882, 657, 0.03754285714285714
0.013850294805860433, 615, 0.03514285714285714
0.017275843406865755, 839, 0.04794285714285714
0.024560655386874047, 1126, 0.06434285714285715
0.01809467728964288, 832, 0.047542857142857144
0.024116344718747233, 1085, 0.062
0.014801464066175019, 726, 0.041485714285714285
0.015776421524653517, 747, 0.042685714285714285
0.021061550751215446, 965, 0.055142857142857146
0.018065846465118128, 834, 0.047657142857142856
0.022204533945030337, 1061, 0.06062857142857143
0.02217602751910623, 1001, 0.0572
0.013152421343572926, 653, 0.037314285714285716
0.01957739713790091, 905, 0.05171428571428571
0.020125220410932367, 913, 0.05217142857142857
0.020827744457655256, 1012, 0.05782857142857143
0.018285586516134805, 837, 0.04782857142857143
0.018423831349802692, 857, 0.04897142857142857
0.019764228547090985, 955, 0.05457142857142857
0.018064267279412183, 814, 0.046514285714285716
0.01961198157542988, 928, 0.05302857142857143
0.02196896938545298, 1078, 0.0616
0.022174425787922915, 1026, 0.058628571428571426
0.013859959418548614, 695, 0.039714285714285716
0.02397629606299386, 1068, 0.06102857142857143
0.021235298645138647, 1004, 0.05737142857142857
0.020020260127597573, 947, 0.05411428571428571
0.022724899076773854, 1133, 0.06474285714285714
0.010295552839054053, 491, 0.028057142857142857
0.01839362143725498, 846, 0.048342857142857146
0.01614895945200029, 730, 0.04171428571428572
0.02081577792403735, 1038, 0.059314285714285715
0.0292640828359056, 1333, 0.07617142857142857
0.020445356892892508, 947, 0.05411428571428571
0.026671242799993798, 1226, 0.07005714285714286
0.019623740205260896, 910, 0.052
0.02076684651679418, 948, 0.05417142857142857
0.015189383522453177, 709, 0.04051428571428571
0.018308667715018757, 858, 0.04902857142857143
0.02121653307085187, 1013, 0.05788571428571428
0.024702230702543806, 1096, 0.06262857142857142
0.019152387824977263, 891, 0.05091428571428572
0.025280151570272275, 1207, 0.06897142857142857
0.013309662759469371, 645, 0.03685714285714286
0.018850365149810634, 857, 0.04897142857142857
0.014310488144827988, 703, 0.04017142857142857
0.02655300116473114, 1210, 0.06914285714285714
0.016107640673276025, 781, 0.04462857142857143
0.01664098158480784, 742, 0.0424
0.018949313396760543, 893, 0.05102857142857143
0.02694187046266617, 1251, 0.07148571428571429
0.01790594424384158, 822, 0.046971428571428574
0.014997896079849403, 714, 0.0408
0.0246206048149224, 1166, 0.06662857142857143
0.023279166775777918, 1078, 0.0616
0.017847358680920515, 790, 0.045142857142857144
0.013619582012175165, 625, 0.03571428571428571
0.02023419000125663, 924, 0.0528
0.023691391816184966, 1059, 0.060514285714285715
0.02254318349319031, 1077, 0.06154285714285714
0.020240680979713318, 910, 0.052
0.019948599822702355, 958, 0.05474285714285714
0.01769643393626766, 821, 0.046914285714285714
0.02117888932845125, 948, 0.05417142857142857
0.02113102337351011, 957, 0.05468571428571429
0.019205925419124838, 907, 0.051828571428571425
0.0220645675114447, 1007, 0.057542857142857146
0.01405427798254201, 667, 0.03811428571428571
0.023348490613739788, 1048, 0.059885714285714285
0.021723903894816526, 958, 0.05474285714285714
0.012006427383269189, 603, 0.03445714285714286
0.021446400118373413, 969, 0.05537142857142857
0.016813029775830948, 777, 0.0444
0.022388566994911464, 1043, 0.0596
0.02346395519150431, 1034, 0.05908571428571428
0.02045601387398389, 949, 0.05422857142857143
0.01853773753640906, 865, 0.049428571428571426
0.018600969515849067, 877, 0.050114285714285715
0.023149366490299545, 1055, 0.06028571428571428
0.025611472696997113, 1166, 0.06662857142857143
0.022721549868755606, 1029, 0.0588
0.016415002569796472, 730, 0.04171428571428572
0.022014143786655328, 1018, 0.05817142857142857
0.017119791029579185, 854, 0.0488
0.02160782629991591, 1000, 0.05714285714285714
0.016244448723872054, 790, 0.045142857142857144
0.02080877821799532, 1001, 0.0572
0.01576405880620783, 733, 0.04188571428571428
0.020959530224405224, 1005, 0.057428571428571426
0.01658889862861375, 746, 0.042628571428571425
0.018772302035572373, 837, 0.04782857142857143
0.0227615135734437, 1039, 0.05937142857142857
0.02442045358066733, 1072, 0.06125714285714286
0.012715480270116208, 592, 0.03382857142857143
0.021374180236080106, 955, 0.05457142857142857
0.01578350900772668, 750, 0.04285714285714286
0.020410512379839773, 935, 0.05342857142857143
