Time to failure, Number of defective sites, Fraction of defect
0.009347109041576294, 235, 0.0235
0.016033059585764786, 387, 0.0387
0.014782275588123053, 388, 0.0388
0.010356609330553079, 269, 0.0269
0.013006091455187203, 341, 0.0341
0.012336193137628555, 335, 0.0335
0.010743126192392918, 295, 0.0295
0.008582895890262827, 215, 0.0215
0.006507271949609481, 194, 0.0194
0.017569824039082322, 445, 0.0445
0.011542936026221196, 261, 0.0261
0.009503726810746887, 278, 0.0278
0.014540335239973565, 391, 0.0391
0.00993386530000683, 292, 0.0292
0.009796798851190343, 273, 0.0273
0.008486181972115757, 240, 0.024
0.005844200381710568, 162, 0.0162
0.00942509442116712, 261, 0.0261
0.01426773708424939, 377, 0.0377
0.009644203186609752, 290, 0.029
0.011418699825669877, 325, 0.0325
0.0077477013729457846, 199, 0.0199
0.00954849971050299, 255, 0.0255
0.009408647737949805, 230, 0.023
0.01633614825377535, 399, 0.0399
0.004692559953413985, 116, 0.0116
0.006997713909715462, 171, 0.0171
0.009451408281293193, 251, 0.0251
0.011496246898313179, 315, 0.0315
0.005554230686571615, 167, 0.0167
0.011668765165336051, 293, 0.0293
0.014754755887372616, 368, 0.0368
0.007322942496984964, 209, 0.0209
0.008925601873060263, 238, 0.0238
0.009306807434210737, 261, 0.0261
0.009885158150297368, 271, 0.0271
0.012918629843056502, 370, 0.037
0.007585372012000522, 217, 0.0217
0.011189236942618492, 310, 0.031
0.01148003369000346, 300, 0.03
0.009971264933114366, 303, 0.0303
0.013270738575269572, 349, 0.0349
0.014131817010670197, 406, 0.0406
0.004126375651340316, 109, 0.0109
0.011592846684559717, 298, 0.0298
0.015758215053576996, 432, 0.0432
0.006962610615246947, 180, 0.018
0.010584195187488071, 261, 0.0261
0.009933989250410025, 272, 0.0272
0.012822958442300074, 313, 0.0313
0.010234025536175665, 262, 0.0262
0.014321453684154732, 375, 0.0375
0.008068178495819754, 220, 0.022
0.016478737291105033, 440, 0.044
0.01146747555057195, 318, 0.0318
0.012348017111521122, 329, 0.0329
0.011646163260882933, 294, 0.0294
0.009083290393308886, 247, 0.0247
0.009022244453237684, 209, 0.0209
0.011296828548289272, 285, 0.0285
0.008043078506545008, 224, 0.0224
0.012445279937559797, 300, 0.03
0.009258582643512177, 268, 0.0268
0.007321219312288073, 207, 0.0207
0.009395634628305059, 237, 0.0237
0.013795134018176778, 369, 0.0369
0.016754582941951705, 414, 0.0414
0.011378797390972814, 296, 0.0296
0.0027995914364386497, 65, 0.0065
0.011686225759100647, 308, 0.0308
0.0101310010942595, 226, 0.0226
0.006562734196115116, 201, 0.0201
0.006046573692527616, 158, 0.0158
0.011328039220672785, 282, 0.0282
0.011517843629480115, 303, 0.0303
0.007606348661782595, 196, 0.0196
0.008430377444664622, 220, 0.022
0.012855254835096242, 338, 0.0338
0.01388236848421376, 351, 0.0351
0.00884525826688117, 243, 0.0243
0.013616463756903383, 348, 0.0348
0.011536101015652481, 285, 0.0285
0.008244205173044146, 247, 0.0247
0.010454956696604555, 264, 0.0264
0.0045587490832695865, 133, 0.0133
0.015430821355609275, 385, 0.0385
0.010463353406090819, 235, 0.0235
0.010241487738590254, 264, 0.0264
0.01186162882469761, 326, 0.0326
0.0113427052734351, 298, 0.0298
0.008026395629376838, 203, 0.0203
0.011090481593917357, 297, 0.0297
0.008229936565839964, 197, 0.0197
0.013899467366063137, 336, 0.0336
0.011040414641848238, 294, 0.0294
0.01263428026629127, 335, 0.0335
0.007498803042261874, 205, 0.0205
0.008737280839073562, 245, 0.0245
0.01124185540458256, 299, 0.0299
0.014403385148726145, 380, 0.038
0.013942601570306625, 367, 0.0367
0.007103959979539576, 176, 0.0176
0.0072493663439474, 175, 0.0175
0.013906866130873802, 351, 0.0351
0.012120832074929111, 331, 0.0331
0.008989647195711593, 239, 0.0239
0.010217551873934373, 252, 0.0252
0.00938487062963007, 265, 0.0265
0.007611322118946842, 218, 0.0218
0.004208245026074141, 116, 0.0116
0.010552058623236889, 296, 0.0296
0.011713376383261068, 306, 0.0306
0.007621105000917883, 189, 0.0189
0.011328769054258715, 289, 0.0289
0.008868923617193939, 274, 0.0274
0.012695460812907159, 347, 0.0347
0.0033320850174190786, 112, 0.0112
0.008166833721483918, 229, 0.0229
0.007925171523806803, 193, 0.0193
0.011663037587514783, 314, 0.0314
0.015257558519453105, 402, 0.0402
0.012604342517719828, 341, 0.0341
0.011654256434912063, 344, 0.0344
0.010588271122219361, 286, 0.0286
0.010574639199743434, 290, 0.029
0.005462319893741631, 146, 0.0146
0.014458056960937866, 375, 0.0375
0.012571624292889539, 345, 0.0345
0.012046055718331478, 310, 0.031
0.008687368718200911, 218, 0.0218
0.0061785482168452395, 161, 0.0161
0.010879694941359784, 277, 0.0277
0.006335914968735179, 173, 0.0173
0.011889138892975121, 330, 0.033
0.012973669875138863, 318, 0.0318
0.005284100979019208, 147, 0.0147
0.006070978480155033, 153, 0.0153
0.015247649512986806, 385, 0.0385
0.0053953155804793195, 169, 0.0169
0.010503253461192507, 299, 0.0299
0.010294762620914399, 282, 0.0282
0.005633611030588795, 148, 0.0148
0.012427326150002426, 313, 0.0313
0.009158121410775471, 251, 0.0251
0.009675816798562744, 240, 0.024
0.010016553544237503, 271, 0.0271
0.010761045446504459, 316, 0.0316
0.011949260944755973, 325, 0.0325
0.010758356106852544, 310, 0.031
0.008052344526465667, 227, 0.0227
0.01254512048982001, 350, 0.035
0.005878517230338644, 169, 0.0169
0.014265066018823819, 359, 0.0359
0.007655323519203576, 191, 0.0191
0.012656831769515245, 323, 0.0323
0.007202574507907116, 161, 0.0161
0.006368977315137566, 145, 0.0145
0.01207982624691063, 310, 0.031
0.009786942814899797, 264, 0.0264
0.014358484079311321, 367, 0.0367
0.007754558527280694, 197, 0.0197
0.007667435914702325, 218, 0.0218
0.005151354520937116, 142, 0.0142
0.011269169255411196, 299, 0.0299
0.006474436318373259, 169, 0.0169
0.013840849294583438, 383, 0.0383
0.011618006851397706, 277, 0.0277
0.013811996137542568, 358, 0.0358
0.009235691808946301, 236, 0.0236
0.015784559226077886, 414, 0.0414
0.010904378761734505, 292, 0.0292
0.009367470003193218, 236, 0.0236
0.015345358158582947, 368, 0.0368
0.007795149771034326, 214, 0.0214
0.012512231856652959, 339, 0.0339
0.014356915511628016, 354, 0.0354
0.00790691205489793, 215, 0.0215
0.016164373765570606, 427, 0.0427
0.01185602565361039, 332, 0.0332
0.008472996784534993, 256, 0.0256
0.01413196690200423, 373, 0.0373
0.007324130847559652, 200, 0.02
0.012454137448237049, 332, 0.0332
0.013598811955041324, 343, 0.0343
0.009533800018026338, 206, 0.0206
0.013167067875464313, 349, 0.0349
0.002957136066986539, 81, 0.0081
0.007626284734979508, 198, 0.0198
0.008149479135574981, 217, 0.0217
0.006881910282530436, 184, 0.0184
0.0134832196101739, 350, 0.035
0.009563598304094754, 241, 0.0241
0.01394857296757078, 356, 0.0356
0.010500482999395029, 291, 0.0291
0.014546717633258278, 363, 0.0363
0.008450392232740384, 223, 0.0223
0.007502426000349128, 193, 0.0193
0.00789828705419213, 194, 0.0194
0.011562788752233523, 292, 0.0292
0.01119512164642499, 316, 0.0316
0.011627200356622467, 281, 0.0281
0.013042943245318689, 335, 0.0335
0.009264933361345208, 248, 0.0248
0.0077501921391487484, 215, 0.0215
0.009436614947660465, 238, 0.0238
0.010009597086777703, 295, 0.0295
0.010606826737322602, 301, 0.0301
0.009327829381069332, 257, 0.0257
0.0171710715420311, 442, 0.0442
0.010758384434646984, 323, 0.0323
0.01238229706783694, 329, 0.0329
0.008905365200315509, 241, 0.0241
0.009061567927463042, 252, 0.0252
0.01140313748021671, 310, 0.031
0.012959897161187048, 348, 0.0348
0.011232427963783632, 315, 0.0315
0.00687021709546907, 182, 0.0182
0.010461945152661998, 258, 0.0258
0.01030609761956722, 295, 0.0295
0.010440439291154473, 286, 0.0286
0.015200484780680435, 417, 0.0417
0.012510827842802446, 342, 0.0342
0.009672136091319223, 276, 0.0276
0.007208356925680502, 196, 0.0196
0.010687308241233602, 287, 0.0287
0.009914951135046344, 243, 0.0243
0.014015270819455842, 386, 0.0386
0.0063161562475631105, 189, 0.0189
0.009653583971330188, 244, 0.0244
0.012103388125881142, 344, 0.0344
0.009511729177603782, 263, 0.0263
0.009031843978811164, 258, 0.0258
0.015387278570794244, 380, 0.038
0.009170975384394412, 245, 0.0245
0.006533652636718487, 182, 0.0182
0.012792489588303495, 323, 0.0323
0.011936151016908054, 281, 0.0281
0.0085945654998356, 234, 0.0234
0.006412096140135432, 155, 0.0155
0.009582786825561716, 261, 0.0261
0.005951007079813546, 175, 0.0175
0.013227956684270455, 350, 0.035
0.00705274450916123, 197, 0.0197
0.014902016142714072, 418, 0.0418
0.014680613790565789, 390, 0.039
0.013083452980854402, 348, 0.0348
0.01067583034094689, 274, 0.0274
0.011858463285529003, 294, 0.0294
0.01037613273085552, 293, 0.0293
0.008553630315673046, 245, 0.0245
0.0103919640735895, 270, 0.027
0.0038354536254729035, 125, 0.0125
0.009899994063424823, 269, 0.0269
0.012139435946069487, 315, 0.0315
0.0076139268656329785, 216, 0.0216
0.013800066848439638, 394, 0.0394
0.011167519346103516, 325, 0.0325
0.005543432785836231, 135, 0.0135
0.006210054660463135, 152, 0.0152
0.01358486365842796, 357, 0.0357
0.00906731913963155, 230, 0.023
0.011169436989434971, 265, 0.0265
0.005353445500598756, 152, 0.0152
0.009309428840298868, 238, 0.0238
0.01134430002271762, 293, 0.0293
0.00878247824201623, 244, 0.0244
0.015182615332243691, 381, 0.0381
0.005325936193195333, 130, 0.013
0.01649493611394175, 395, 0.0395
0.009877306588879134, 245, 0.0245
0.007983119814102217, 216, 0.0216
0.014843511246140677, 367, 0.0367
0.008335386919562203, 227, 0.0227
0.0068617092359122825, 183, 0.0183
0.01155021951560546, 316, 0.0316
0.009218080324429482, 254, 0.0254
0.010813927302717269, 321, 0.0321
0.017176725304308586, 447, 0.0447
0.009418409801838062, 285, 0.0285
0.010812524303216595, 273, 0.0273
0.005492878898558532, 153, 0.0153
0.008325155508493604, 244, 0.0244
0.014666152415089681, 369, 0.0369
0.009474810125662907, 219, 0.0219
0.010302320881893257, 254, 0.0254
0.012701232012513363, 346, 0.0346
0.007763054157889034, 210, 0.021
0.013170000127533249, 336, 0.0336
0.014409693250824767, 371, 0.0371
0.004832261130727663, 138, 0.0138
0.01522598089279623, 407, 0.0407
0.015295598967418446, 409, 0.0409
0.01206496788688482, 321, 0.0321
0.011273900470328129, 299, 0.0299
0.006555331392162996, 193, 0.0193
0.012456399403737408, 360, 0.036
0.01082988719084398, 331, 0.0331
0.00731127937295865, 209, 0.0209
0.007066799779615036, 173, 0.0173
0.012028515981883158, 321, 0.0321
