Time to failure, Number of defective sites, Fraction of defect
0.020819213854047326, 778, 0.051866666666666665
0.0129896702602508, 496, 0.03306666666666667
0.01799150649767641, 720, 0.048
0.021856420343535354, 883, 0.058866666666666664
0.016763688835177693, 688, 0.04586666666666667
0.008928991606955981, 338, 0.022533333333333332
0.02285573478368113, 907, 0.06046666666666667
0.016688836086826253, 654, 0.0436
0.021959729009235623, 872, 0.058133333333333335
0.012344515016047206, 465, 0.031
0.017091998210063252, 666, 0.0444
0.008766016014455076, 361, 0.024066666666666667
0.015400400664416851, 638, 0.04253333333333333
0.025959356330817408, 1001, 0.06673333333333334
0.017218912722790407, 662, 0.04413333333333333
0.015964796865632947, 622, 0.041466666666666666
0.023069480223089082, 916, 0.061066666666666665
0.01941427062842537, 758, 0.05053333333333333
0.020826958837491, 822, 0.0548
0.017646313243106553, 705, 0.047
0.013940136291985861, 545, 0.036333333333333336
0.02281496244624678, 878, 0.05853333333333333
0.021160197458357236, 881, 0.05873333333333333
0.015633546113335884, 587, 0.03913333333333333
0.011790808929700695, 504, 0.0336
0.01953396868357502, 797, 0.05313333333333333
0.020998219975994364, 825, 0.055
0.012015509109496635, 494, 0.032933333333333335
0.02400509080602461, 946, 0.06306666666666666
0.013577571867239794, 572, 0.03813333333333333
0.018953779171955693, 767, 0.051133333333333336
0.014184849137533746, 590, 0.03933333333333333
0.012916555283672602, 542, 0.03613333333333334
0.017522879315024605, 620, 0.04133333333333333
0.015619411194604088, 665, 0.044333333333333336
0.021738044702941488, 870, 0.058
0.015166127477711242, 610, 0.04066666666666666
0.011142456729382362, 444, 0.0296
0.013610515612688195, 534, 0.0356
0.018273129370306597, 732, 0.0488
0.019049382481076804, 758, 0.05053333333333333
0.01501688602816748, 588, 0.0392
0.018540818857440296, 702, 0.0468
0.01923969716858608, 797, 0.05313333333333333
0.013362775290407662, 547, 0.03646666666666667
0.014355523503867776, 607, 0.040466666666666665
0.015129614281159325, 582, 0.0388
0.013736069389679464, 560, 0.037333333333333336
0.014497162620753313, 551, 0.03673333333333333
0.013981055480322559, 572, 0.03813333333333333
0.009843680901810996, 426, 0.0284
0.017989766299630762, 661, 0.044066666666666664
0.014499237874909051, 553, 0.036866666666666666
0.02229220342846972, 835, 0.05566666666666667
0.02081529827480705, 804, 0.0536
0.021223320353490692, 857, 0.057133333333333335
0.01738836286182694, 668, 0.044533333333333334
0.015472170763857674, 611, 0.04073333333333334
0.023490123163319977, 907, 0.06046666666666667
0.018858039010729997, 718, 0.04786666666666667
0.014962237515325223, 624, 0.0416
0.02038111894806009, 767, 0.051133333333333336
0.018559344719969968, 702, 0.0468
0.01891540027984545, 750, 0.05
0.019832230781386673, 773, 0.051533333333333334
0.014461780673691044, 547, 0.03646666666666667
0.012512778020051301, 517, 0.034466666666666666
0.01524233554900482, 601, 0.04006666666666667
0.022108813348699127, 883, 0.058866666666666664
0.022196734225795395, 905, 0.060333333333333336
0.017198053888779263, 695, 0.04633333333333333
0.018028788289718663, 684, 0.0456
0.020607281886581705, 783, 0.0522
0.01480234883348941, 584, 0.038933333333333334
0.015141274057843986, 616, 0.04106666666666667
0.011654878038061938, 457, 0.030466666666666666
0.013855547243287043, 546, 0.0364
0.01652796918428519, 633, 0.0422
0.018234984090109697, 706, 0.047066666666666666
0.016979826878697993, 670, 0.04466666666666667
0.01690262966969129, 662, 0.04413333333333333
0.017739882840441482, 686, 0.045733333333333334
0.020940269984106422, 796, 0.053066666666666665
0.014031786519901487, 571, 0.038066666666666665
0.020329267615940397, 817, 0.05446666666666666
0.01801645728592263, 706, 0.047066666666666666
0.01979632662291473, 766, 0.05106666666666667
0.017506943445619202, 733, 0.04886666666666667
0.018180792054773128, 693, 0.0462
0.019630725956847388, 795, 0.053
0.009242187117206693, 377, 0.025133333333333334
0.020481717313358943, 775, 0.051666666666666666
0.018328115344417487, 811, 0.054066666666666666
0.01806693024125484, 717, 0.0478
0.018609311990090402, 763, 0.050866666666666664
0.008126971509805823, 336, 0.0224
0.015266449116906774, 590, 0.03933333333333333
0.01854908736790902, 729, 0.0486
0.013083186644531472, 556, 0.037066666666666664
0.017102057324455473, 721, 0.04806666666666667
0.024594726161120177, 985, 0.06566666666666666
0.01969375669385722, 785, 0.052333333333333336
0.01434606568654166, 615, 0.041
0.01768870605141377, 695, 0.04633333333333333
0.01624313863085835, 650, 0.043333333333333335
0.016709791289264933, 668, 0.044533333333333334
0.012685362252801978, 481, 0.03206666666666667
0.01838525499786902, 690, 0.046
0.01650139385615242, 667, 0.04446666666666667
0.019107295010718377, 760, 0.050666666666666665
0.011769294624009696, 519, 0.0346
0.020820025224674698, 829, 0.055266666666666665
0.022925472636384885, 923, 0.061533333333333336
0.01344729139297814, 551, 0.03673333333333333
0.012669010634742241, 537, 0.0358
0.018919224867753878, 727, 0.048466666666666665
0.019314441329229284, 775, 0.051666666666666666
0.017860638476839694, 715, 0.04766666666666667
0.017544256014633268, 686, 0.045733333333333334
0.022074136891247067, 894, 0.0596
0.015010127641558603, 659, 0.04393333333333333
0.019182969451792722, 739, 0.04926666666666667
0.014679693722835894, 594, 0.0396
0.015005877116319724, 597, 0.0398
0.012401742940386765, 485, 0.03233333333333333
0.018583821094930616, 785, 0.052333333333333336
0.008773932024627663, 374, 0.02493333333333333
0.01933572074116615, 765, 0.051
0.01625906014696895, 610, 0.04066666666666666
0.027363101442175873, 1046, 0.06973333333333333
0.01357538289388241, 550, 0.03666666666666667
0.01727047881345487, 691, 0.046066666666666665
0.016808366853001657, 682, 0.04546666666666667
0.018934334992590913, 756, 0.0504
0.019586142465062205, 811, 0.054066666666666666
0.017781821055281786, 690, 0.046
0.01563164617698145, 641, 0.04273333333333333
0.020997053275334576, 824, 0.054933333333333334
0.018966985326499444, 746, 0.04973333333333333
0.025958841013921388, 945, 0.063
0.020584497582138185, 821, 0.054733333333333335
0.01645266751218314, 669, 0.0446
0.01623268207303116, 625, 0.041666666666666664
0.015079541055032336, 598, 0.03986666666666667
0.018545479744939863, 776, 0.05173333333333333
0.01189121248477611, 513, 0.0342
0.007895015773080329, 301, 0.020066666666666667
0.012478428241309547, 497, 0.033133333333333334
0.015372524836794419, 587, 0.03913333333333333
0.014338910661591554, 556, 0.037066666666666664
0.02118067924116912, 813, 0.0542
0.010506164621933043, 408, 0.0272
0.014748511309208127, 562, 0.03746666666666667
0.01978934873328361, 781, 0.052066666666666664
0.015912290779947665, 635, 0.042333333333333334
0.016550906447325712, 674, 0.04493333333333333
0.017014133036855547, 667, 0.04446666666666667
0.018190327143368372, 752, 0.050133333333333335
0.01935975160026321, 787, 0.05246666666666667
0.009557235005967576, 403, 0.026866666666666667
0.012977852447138156, 516, 0.0344
0.01816116496305209, 652, 0.04346666666666667
0.01621964875398603, 687, 0.0458
0.01891650584760914, 772, 0.05146666666666667
0.013094380853060396, 551, 0.03673333333333333
0.01713445802750907, 675, 0.045
0.012072704021588316, 489, 0.0326
0.011342832458421907, 447, 0.0298
0.01728912897895662, 688, 0.04586666666666667
0.01817111134464495, 716, 0.047733333333333336
0.011058386701698153, 445, 0.029666666666666668
0.019708119048553425, 800, 0.05333333333333334
0.018917125621174268, 744, 0.0496
0.01032859899303922, 423, 0.0282
0.019073244118081402, 716, 0.047733333333333336
0.015228143218395463, 625, 0.041666666666666664
0.013212104595044143, 561, 0.0374
0.01412183038773026, 568, 0.037866666666666667
0.01822061725515139, 756, 0.0504
0.018480484771339192, 738, 0.0492
0.013503431675247994, 546, 0.0364
0.019240699062878088, 788, 0.052533333333333335
0.015861147326916996, 623, 0.04153333333333333
0.01196391141359108, 445, 0.029666666666666668
0.009673093483776792, 387, 0.0258
0.01841161909735391, 708, 0.0472
0.015460733756234373, 594, 0.0396
0.011413843715121877, 472, 0.031466666666666664
0.021417708682665258, 830, 0.05533333333333333
0.010983932825314322, 434, 0.028933333333333332
0.019568633803123618, 779, 0.05193333333333333
0.022913943114600925, 946, 0.06306666666666666
0.022377698562167612, 912, 0.0608
0.015342865976858671, 622, 0.041466666666666666
0.02323871368872427, 904, 0.06026666666666667
0.020950151798459226, 805, 0.05366666666666667
0.01664028081809787, 657, 0.0438
0.013941191895305993, 594, 0.0396
0.018307325901445258, 728, 0.04853333333333333
0.014913740669858419, 599, 0.039933333333333335
0.017800872121143285, 727, 0.048466666666666665
0.020325690091893753, 825, 0.055
0.013429340214308229, 572, 0.03813333333333333
0.015401561494066832, 615, 0.041
0.016390859797134557, 681, 0.0454
0.015930967234202637, 627, 0.0418
0.017135511616897716, 680, 0.04533333333333334
0.015796353187353507, 646, 0.04306666666666667
0.014249643166248197, 546, 0.0364
0.01736795847879936, 663, 0.0442
0.012119160272419462, 441, 0.0294
0.014196978377590092, 594, 0.0396
0.013600365229091478, 533, 0.03553333333333333
0.020351754898609076, 799, 0.053266666666666664
0.021118331241189888, 819, 0.0546
0.018351884115173182, 740, 0.04933333333333333
0.008298090687495494, 352, 0.023466666666666667
0.011673107235512998, 470, 0.03133333333333333
0.016698093819217993, 649, 0.04326666666666667
0.017627254479353628, 726, 0.0484
0.011471175216896268, 474, 0.0316
0.02106838287913307, 856, 0.05706666666666667
0.020416515349574497, 802, 0.05346666666666667
0.01796289543380183, 683, 0.045533333333333335
0.012411057027777603, 524, 0.03493333333333333
0.01785505732053171, 713, 0.04753333333333333
0.012791862705881923, 534, 0.0356
0.013319675018798171, 522, 0.0348
0.020157304557184688, 799, 0.053266666666666664
0.01987889463624947, 831, 0.0554
0.016637030960945213, 640, 0.042666666666666665
0.019284026311495533, 737, 0.049133333333333334
0.01492137003851036, 652, 0.04346666666666667
0.01954417265173563, 730, 0.048666666666666664
0.0134183866813408, 577, 0.03846666666666667
0.019087535872368156, 782, 0.05213333333333333
0.01536087595329386, 589, 0.039266666666666665
0.022098132650315513, 859, 0.05726666666666667
0.01607100468833685, 642, 0.0428
0.017910664620011205, 696, 0.0464
0.008073473155032465, 324, 0.0216
0.02226521576798876, 883, 0.058866666666666664
0.02003885583909865, 875, 0.058333333333333334
0.010643384359535712, 412, 0.027466666666666667
0.012400358241174523, 498, 0.0332
0.01647702735107876, 675, 0.045
0.019525846935724574, 779, 0.05193333333333333
0.018274220431437747, 752, 0.050133333333333335
0.01862125398586871, 733, 0.04886666666666667
0.02073273137690282, 825, 0.055
0.016614822723286016, 637, 0.042466666666666666
0.007700949737091539, 300, 0.02
0.009761670103512263, 363, 0.0242
0.0169579396959124, 677, 0.04513333333333333
0.018034758690389105, 718, 0.04786666666666667
0.01915444034609739, 728, 0.04853333333333333
0.014534359169337171, 606, 0.0404
0.014633212775640905, 598, 0.03986666666666667
0.018953657903653918, 741, 0.0494
0.02084036836865296, 839, 0.055933333333333335
0.016491711721441323, 654, 0.0436
0.014903207538395663, 605, 0.04033333333333333
0.020768302869658983, 832, 0.055466666666666664
0.019038719646656006, 714, 0.0476
0.015628318975469412, 628, 0.04186666666666667
0.014330352411509217, 578, 0.038533333333333336
0.01201410056460616, 478, 0.03186666666666667
0.021446968541695702, 842, 0.056133333333333334
0.013594932146004119, 539, 0.03593333333333333
0.009945907658029995, 439, 0.029266666666666667
0.01794851340643608, 697, 0.04646666666666667
0.008955577784982951, 369, 0.0246
0.00944327209261476, 381, 0.0254
0.015555203608468581, 623, 0.04153333333333333
0.014271193829750735, 588, 0.0392
0.018929088443845107, 752, 0.050133333333333335
0.010788084594099271, 424, 0.028266666666666666
0.017183731551041425, 687, 0.0458
0.015312230801899172, 617, 0.041133333333333334
0.013799858635966191, 594, 0.0396
0.017172047703537145, 692, 0.04613333333333333
0.019671510893944807, 777, 0.0518
0.015571785454384693, 659, 0.04393333333333333
0.019065121315202355, 769, 0.05126666666666667
0.017118588399177206, 682, 0.04546666666666667
0.022017619993009784, 824, 0.054933333333333334
0.01585999564834859, 627, 0.0418
0.007338253949837491, 300, 0.02
0.014406702698817764, 568, 0.037866666666666667
0.023507927269279354, 957, 0.0638
0.02234060087849104, 864, 0.0576
0.016777747036912684, 649, 0.04326666666666667
0.020078840704840343, 731, 0.04873333333333333
0.014098026152393256, 574, 0.038266666666666664
0.019096323659053286, 781, 0.052066666666666664
0.022417052525489853, 895, 0.059666666666666666
0.01572910681072784, 630, 0.042
0.01986490929116568, 799, 0.053266666666666664
0.01764279210439541, 719, 0.047933333333333335
0.01751023589188735, 702, 0.0468
