Time to failure, Number of defective sites, Fraction of defect
0.005993346013728765, 1226, 0.09808
0.00578135123316016, 1151, 0.09208
0.01295285403094085, 2357, 0.18856
0.005638847863222555, 1143, 0.09144
0.007508875893453599, 1501, 0.12008
0.0061378609974828795, 1242, 0.09936
0.006889233039896096, 1365, 0.1092
0.004470844545992719, 938, 0.07504
0.0062214404015645715, 1270, 0.1016
0.004806440520812433, 985, 0.0788
0.009138983503277357, 1764, 0.14112
0.0063347751141243185, 1266, 0.10128
0.008919146399781027, 1725, 0.138
0.009476953255479377, 1844, 0.14752
0.006209917488496465, 1305, 0.1044
0.003627341984620806, 796, 0.06368
0.011260862772698539, 2074, 0.16592
0.004101702230345312, 861, 0.06888
0.006040553338004879, 1183, 0.09464
0.005172038523600835, 1059, 0.08472
0.011693635076925635, 2157, 0.17256
0.004180844263435262, 909, 0.07272
0.007064483659207907, 1366, 0.10928
0.008598986957845065, 1619, 0.12952
0.008090035012678177, 1576, 0.12608
0.008048072894257288, 1544, 0.12352
0.004289649462866065, 940, 0.0752
0.0026066477023312423, 534, 0.04272
0.008326838359072566, 1605, 0.1284
0.008030745061486681, 1446, 0.11568
0.004752217484485908, 960, 0.0768
0.0030364489339334945, 669, 0.05352
0.008175100424631066, 1579, 0.12632
0.006877894653658292, 1366, 0.10928
0.011180530172145898, 2029, 0.16232
0.009037597377588422, 1744, 0.13952
0.005185923589338894, 1078, 0.08624
0.00547033331305836, 1122, 0.08976
0.0034855635481543714, 760, 0.0608
0.005977300057317864, 1198, 0.09584
0.0034600667055639856, 724, 0.05792
0.0029625931991865634, 643, 0.05144
0.00685366022083908, 1389, 0.11112
0.008917647388586587, 1667, 0.13336
0.00429833609575336, 909, 0.07272
0.009499023081566095, 1766, 0.14128
0.0025343676359650003, 535, 0.0428
0.008608915880233601, 1588, 0.12704
0.004233877190967849, 886, 0.07088
0.0043649845309156245, 926, 0.07408
0.008179307521984903, 1568, 0.12544
0.007608634655833275, 1491, 0.11928
0.00603385639890876, 1250, 0.1
0.004746971364411585, 989, 0.07912
0.003487467029890155, 750, 0.06
0.002966429376504074, 629, 0.05032
0.007432702408260584, 1397, 0.11176
0.008471028887508978, 1617, 0.12936
0.003999168085738654, 802, 0.06416
0.007894004490297332, 1585, 0.1268
0.010378627045771926, 1945, 0.1556
0.008083318955964642, 1554, 0.12432
0.004437868298623799, 914, 0.07312
0.010686440333503435, 1995, 0.1596
0.004724269477942356, 927, 0.07416
0.008948108144662195, 1643, 0.13144
0.01146938398826107, 2086, 0.16688
0.007294907861464093, 1420, 0.1136
0.007633910697056434, 1442, 0.11536
0.0027420868351930704, 601, 0.04808
0.00483890129207213, 1058, 0.08464
0.005635610858747334, 1154, 0.09232
0.007041388254274405, 1327, 0.10616
0.007865244728876827, 1499, 0.11992
0.010243690552545206, 1929, 0.15432
0.006056174184457883, 1149, 0.09192
0.008034954593039677, 1561, 0.12488
0.0116420286482183, 2014, 0.16112
0.012182151884369323, 2184, 0.17472
0.0031544737231116735, 637, 0.05096
0.0058528861929200435, 1206, 0.09648
0.006356939669969284, 1266, 0.10128
0.003894194219593718, 824, 0.06592
0.0048788517247115104, 1007, 0.08056
0.009415847624524592, 1756, 0.14048
0.00554474023160762, 1172, 0.09376
0.009735273786850029, 1855, 0.1484
0.010577054547628924, 1872, 0.14976
0.007845216194447167, 1515, 0.1212
0.003331740060486574, 683, 0.05464
0.006141424782648755, 1187, 0.09496
0.006329697364832344, 1248, 0.09984
0.004746310329945424, 955, 0.0764
0.010756659844296525, 2020, 0.1616
0.010517593742187156, 1904, 0.15232
0.006736029572329661, 1345, 0.1076
0.0074585623008003735, 1456, 0.11648
0.01121563964894966, 2014, 0.16112
0.007207265919710729, 1446, 0.11568
0.00621541494064319, 1235, 0.0988
0.006682037801878696, 1346, 0.10768
0.007481652637478376, 1509, 0.12072
0.004754872546469664, 1036, 0.08288
0.006170094576908863, 1267, 0.10136
0.0051183044221037675, 1037, 0.08296
0.0058810692323182, 1177, 0.09416
0.003325757420724495, 691, 0.05528
0.004646549251928335, 919, 0.07352
0.0029137643751774404, 627, 0.05016
0.005573605259205327, 1102, 0.08816
0.008276943532213067, 1605, 0.1284
0.009809033581687207, 1823, 0.14584
0.008726492313581078, 1668, 0.13344
0.006460353526807993, 1250, 0.1
0.011416152956021053, 2021, 0.16168
0.0023661116659582588, 555, 0.0444
0.006010978097572297, 1211, 0.09688
0.005984584591914002, 1200, 0.096
0.011187963446605265, 2131, 0.17048
0.006586644848728869, 1289, 0.10312
0.004532848847148038, 969, 0.07752
0.01108066736276177, 2064, 0.16512
0.0053056972193570055, 1091, 0.08728
0.005754440002418865, 1208, 0.09664
0.005189701692669735, 1150, 0.092
0.009220994372240013, 1739, 0.13912
0.004633584553319756, 942, 0.07536
0.005435221509945088, 1150, 0.092
0.004354047526513727, 934, 0.07472
0.006586582290189915, 1311, 0.10488
0.0042126259940911065, 874, 0.06992
0.006198688852244054, 1219, 0.09752
0.008717361382633683, 1692, 0.13536
0.005527886350241269, 1127, 0.09016
0.005570747845619913, 1136, 0.09088
0.005840803190868262, 1188, 0.09504
0.008703644242315976, 1734, 0.13872
0.004595471951681739, 956, 0.07648
0.008356788963980387, 1677, 0.13416
0.006826557660186539, 1303, 0.10424
0.008667339302446727, 1663, 0.13304
0.00971686612762383, 1829, 0.14632
0.0052158817474520945, 1015, 0.0812
0.005878647013395258, 1222, 0.09776
0.005010490913121542, 1062, 0.08496
0.008745597658777783, 1695, 0.1356
0.008802633411608396, 1609, 0.12872
0.002378441988483395, 525, 0.042
0.006407902012424502, 1261, 0.10088
0.005977456242294995, 1233, 0.09864
0.0038518211070848562, 780, 0.0624
0.005246898697408947, 1065, 0.0852
0.005747254232760288, 1172, 0.09376
0.005124526084605487, 1025, 0.082
0.011416659492469955, 2048, 0.16384
0.002392138336349929, 476, 0.03808
0.008995048125111153, 1669, 0.13352
0.005887038093749205, 1181, 0.09448
0.007452438405617047, 1459, 0.11672
0.008598764095593705, 1655, 0.1324
0.009102862449451524, 1705, 0.1364
0.00912278295750876, 1739, 0.13912
0.007758798748941012, 1535, 0.1228
0.010205444687268824, 1908, 0.15264
0.006439799402241735, 1298, 0.10384
0.006063852795984191, 1197, 0.09576
0.0033332296033782263, 732, 0.05856
0.005645981337189739, 1129, 0.09032
0.006979641547232861, 1347, 0.10776
0.005517169094221301, 1134, 0.09072
0.005991057457361865, 1199, 0.09592
0.007919086645488132, 1569, 0.12552
0.008389654158926396, 1658, 0.13264
0.0009922686302189971, 227, 0.01816
0.006439689031813985, 1243, 0.09944
0.007358197453346624, 1458, 0.11664
0.007956326814987225, 1609, 0.12872
0.009235974302210908, 1783, 0.14264
0.007626515729088907, 1504, 0.12032
0.006364658635178678, 1264, 0.10112
0.003953181066927006, 818, 0.06544
0.006129911987175602, 1209, 0.09672
0.00983102313066207, 1820, 0.1456
0.004033562541625605, 867, 0.06936
0.007246159478764763, 1435, 0.1148
0.008863904508327669, 1668, 0.13344
0.009033680192322134, 1693, 0.13544
0.009506869291594635, 1840, 0.1472
0.0037344615242505944, 762, 0.06096
0.009045733823858862, 1705, 0.1364
0.008347635222788637, 1632, 0.13056
0.007932546337180683, 1505, 0.1204
0.00359723412018145, 749, 0.05992
0.00691465459344896, 1413, 0.11304
0.007587533811333891, 1542, 0.12336
0.0076255380289505644, 1467, 0.11736
0.006383405946481509, 1287, 0.10296
0.007274422411280071, 1509, 0.12072
0.010837057498006883, 2038, 0.16304
0.004532415275044147, 949, 0.07592
0.007403447569361245, 1453, 0.11624
0.007435776315141216, 1432, 0.11456
0.007716909183207858, 1470, 0.1176
0.0074553839543439904, 1499, 0.11992
0.007550728859580719, 1461, 0.11688
0.007180000364909356, 1468, 0.11744
0.005872412381436991, 1182, 0.09456
0.0043105845170168175, 923, 0.07384
0.006347385789020331, 1326, 0.10608
0.008567700760365471, 1646, 0.13168
0.005468180287944342, 1149, 0.09192
0.0061232159960268335, 1207, 0.09656
0.00381429331830025, 824, 0.06592
0.005453324430393754, 1116, 0.08928
0.0058319010171222, 1152, 0.09216
0.0031288455971962164, 685, 0.0548
0.009191657717151126, 1763, 0.14104
0.009473317745293515, 1810, 0.1448
0.006655717905111908, 1324, 0.10592
0.009097411398427707, 1730, 0.1384
0.00526238010727027, 1030, 0.0824
0.004282432652354633, 852, 0.06816
0.003397575972198845, 702, 0.05616
0.004230314637175743, 894, 0.07152
0.00642922564129377, 1336, 0.10688
0.005162595254386928, 1049, 0.08392
0.009277124774936198, 1739, 0.13912
0.00887663468425222, 1730, 0.1384
0.007667247646664022, 1481, 0.11848
0.008792848508091077, 1682, 0.13456
0.004355098963260363, 932, 0.07456
0.005425739759053009, 1145, 0.0916
0.004300034638525178, 957, 0.07656
0.003899740885351686, 818, 0.06544
0.006860736880083982, 1383, 0.11064
0.0064801056813126616, 1240, 0.0992
0.006792258895913401, 1352, 0.10816
0.005454192913291749, 1102, 0.08816
0.00485341718248323, 1040, 0.0832
0.004405292559806178, 966, 0.07728
0.007661529421071247, 1499, 0.11992
0.0072417046946189985, 1429, 0.11432
0.005033842527542088, 1039, 0.08312
0.002993239799374956, 614, 0.04912
0.006232535043493571, 1256, 0.10048
0.010054306936278668, 1827, 0.14616
0.009327800063061215, 1790, 0.1432
0.006470123087352258, 1270, 0.1016
0.005691722384322483, 1181, 0.09448
0.003439337059909102, 706, 0.05648
0.009041155427979506, 1738, 0.13904
0.004105224734482916, 843, 0.06744
0.00696272261150699, 1449, 0.11592
0.007451533051761888, 1469, 0.11752
0.005684658601767608, 1131, 0.09048
0.00807521747726708, 1553, 0.12424
0.007735131364798, 1523, 0.12184
0.006577808205079435, 1300, 0.104
0.005737870088622668, 1198, 0.09584
0.008587960097408948, 1695, 0.1356
0.007615587500580788, 1411, 0.11288
0.0047558311173411085, 1027, 0.08216
0.006400117930957662, 1325, 0.106
0.007375799434651674, 1526, 0.12208
0.006860909438504248, 1322, 0.10576
0.0028682879331714158, 591, 0.04728
0.009562680222192007, 1815, 0.1452
0.005769576483383233, 1147, 0.09176
0.0030267684427756607, 663, 0.05304
0.005986627047944171, 1215, 0.0972
0.006270158574605413, 1219, 0.09752
0.006069767901990847, 1216, 0.09728
0.00622790346598635, 1271, 0.10168
0.004035390576135516, 832, 0.06656
0.00902248373223838, 1702, 0.13616
0.004385212625007605, 903, 0.07224
0.006719151037154584, 1315, 0.1052
0.005465233417719614, 1124, 0.08992
0.0034610909057862255, 717, 0.05736
0.00435022886330533, 918, 0.07344
0.010494250225433946, 1980, 0.1584
0.008765217891962754, 1660, 0.1328
0.00453143422698318, 931, 0.07448
0.007731583096030142, 1438, 0.11504
0.005099672634912244, 1029, 0.08232
0.0032010398132018398, 664, 0.05312
0.0067104490660022595, 1364, 0.10912
0.004536739417640229, 938, 0.07504
0.00546071054669817, 1067, 0.08536
0.009755817308462113, 1860, 0.1488
0.005429202778395764, 1032, 0.08256
0.006946433106941379, 1381, 0.11048
0.00459565749706309, 929, 0.07432
0.007814252387216059, 1533, 0.12264
0.006362822992556606, 1334, 0.10672
0.012102172709829398, 2156, 0.17248
0.004905069252178091, 1006, 0.08048
0.0063431623198801045, 1270, 0.1016
0.011867156185627675, 2164, 0.17312
0.003959080658663428, 850, 0.068
