Time to failure, Number of defective sites, Fraction of defect
0.036688427864627844, 1827, 0.14616
0.05529200958998728, 2692, 0.21536
0.06381723096065743, 2987, 0.23896
0.0321348955468541, 1650, 0.132
0.03918308868064763, 1980, 0.1584
0.03479212412544142, 1719, 0.13752
0.04935170113195212, 2396, 0.19168
0.0325961854818569, 1607, 0.12856
0.036134641165202784, 1782, 0.14256
0.03916481952781655, 1919, 0.15352
0.021450172230340382, 1128, 0.09024
0.0370581592033746, 1812, 0.14496
0.05348622589731423, 2513, 0.20104
0.04282241873902729, 2084, 0.16672
0.04065580120476004, 2010, 0.1608
0.034434433466344415, 1699, 0.13592
0.05024778165116202, 2424, 0.19392
0.05228603795028648, 2382, 0.19056
0.046925888660002954, 2283, 0.18264
0.05480896545641725, 2539, 0.20312
0.04299350244394066, 2063, 0.16504
0.043010508008483224, 2180, 0.1744
0.04038040973685318, 2030, 0.1624
0.05199066738001235, 2470, 0.1976
0.046854939389918325, 2295, 0.1836
0.03181079252450986, 1605, 0.1284
0.02665680970992662, 1359, 0.10872
0.05097948019774829, 2526, 0.20208
0.048865349368108664, 2360, 0.1888
0.030534645709130254, 1563, 0.12504
0.031368872984875985, 1542, 0.12336
0.028786134184675814, 1485, 0.1188
0.059442364097279224, 2849, 0.22792
0.05400933389289278, 2567, 0.20536
0.046666109201371264, 2263, 0.18104
0.0505532223204449, 2396, 0.19168
0.03770571019629434, 1826, 0.14608
0.03375700327689425, 1694, 0.13552
0.05374125635749882, 2543, 0.20344
0.049858515316768784, 2416, 0.19328
0.044117146568216255, 2139, 0.17112
0.04502297514349352, 2187, 0.17496
0.03928503115861491, 1954, 0.15632
0.041674895515816476, 2115, 0.1692
0.05434770304099178, 2613, 0.20904
0.025429040478962626, 1314, 0.10512
0.047544767738482596, 2293, 0.18344
0.04952985851843519, 2418, 0.19344
0.06515689200557731, 3006, 0.24048
0.05553355736206029, 2645, 0.2116
0.0501105533008842, 2437, 0.19496
0.037446084505771804, 1829, 0.14632
0.03058406691915252, 1578, 0.12624
0.05418416954369624, 2575, 0.206
0.03494664298279194, 1746, 0.13968
0.0550759307908387, 2584, 0.20672
0.046829697298518345, 2321, 0.18568
0.05545929269158288, 2587, 0.20696
0.0558988754903321, 2576, 0.20608
0.042948802342322054, 2026, 0.16208
0.0378646959146833, 1900, 0.152
0.05260634981378333, 2476, 0.19808
0.06217989793543004, 2917, 0.23336
0.02906339396508312, 1448, 0.11584
0.03423051718364952, 1710, 0.1368
0.041631929936136215, 2172, 0.17376
0.0315248335150416, 1599, 0.12792
0.0470142435520706, 2261, 0.18088
0.04552653116036908, 2177, 0.17416
0.050267825731190624, 2424, 0.19392
0.03776570746338857, 1865, 0.1492
0.023663397678674526, 1211, 0.09688
0.042300022213904914, 2049, 0.16392
0.02594740368595618, 1331, 0.10648
0.03890973199793156, 1892, 0.15136
0.026727868503853593, 1339, 0.10712
0.04521865851118523, 2245, 0.1796
0.0459385156355257, 2229, 0.17832
0.0453531859184754, 2208, 0.17664
0.05345945140144808, 2559, 0.20472
0.051123611301073735, 2440, 0.1952
0.03509504504243862, 1758, 0.14064
0.04189835708574051, 2056, 0.16448
0.05516609942675387, 2633, 0.21064
0.05467351366786143, 2523, 0.20184
0.03559353400641458, 1797, 0.14376
0.04687378487897905, 2299, 0.18392
0.04553449838735015, 2211, 0.17688
0.03423599089541338, 1720, 0.1376
0.041446668863673326, 2083, 0.16664
0.037738330691077134, 1812, 0.14496
0.02555690657536735, 1338, 0.10704
0.034557678729560705, 1699, 0.13592
0.0487888659158855, 2303, 0.18424
0.02708494429415944, 1414, 0.11312
0.040592733955371725, 2016, 0.16128
0.05130143987006633, 2366, 0.18928
0.04342768233473151, 2142, 0.17136
0.05176872201166948, 2496, 0.19968
0.04633088005707626, 2256, 0.18048
0.04976468250518399, 2453, 0.19624
0.05391530439648863, 2550, 0.204
0.05486054178817531, 2594, 0.20752
0.042732931854794466, 2047, 0.16376
0.0393842870444276, 1979, 0.15832
0.052284834937552364, 2440, 0.1952
0.0397823656410912, 1961, 0.15688
0.05691815793435109, 2729, 0.21832
0.06632242867404696, 3004, 0.24032
0.03637086423620454, 1796, 0.14368
0.052848345899440985, 2450, 0.196
0.048564828357884435, 2356, 0.18848
0.05164225940531266, 2481, 0.19848
0.04261598358204702, 2006, 0.16048
0.05007859341034368, 2332, 0.18656
0.045747829296374276, 2268, 0.18144
0.04822069539509488, 2322, 0.18576
0.028763221247585777, 1472, 0.11776
0.043971266428479545, 2100, 0.168
0.04808412555752061, 2335, 0.1868
0.04600013113917703, 2212, 0.17696
0.05222362724680279, 2514, 0.20112
0.033548067332105316, 1719, 0.13752
0.05334512680796906, 2561, 0.20488
0.04470317257091446, 2146, 0.17168
0.03965466685277214, 1944, 0.15552
0.025303970804764032, 1317, 0.10536
0.04164223263558537, 2102, 0.16816
0.04453443417619432, 2171, 0.17368
0.05217791585823755, 2508, 0.20064
0.057138606066639674, 2699, 0.21592
0.03467818853178027, 1725, 0.138
0.03834494436061102, 1868, 0.14944
0.029875987089417154, 1441, 0.11528
0.04957221627949167, 2346, 0.18768
0.02036583113260597, 1071, 0.08568
0.04233166192471272, 2064, 0.16512
0.04543072998132908, 2170, 0.1736
0.04766791415218375, 2301, 0.18408
0.034801553623619495, 1781, 0.14248
0.06063845357959786, 2847, 0.22776
0.0430829580730189, 1991, 0.15928
0.048905594318505795, 2318, 0.18544
0.033093494488816516, 1665, 0.1332
0.03422900254293282, 1725, 0.138
0.04561627483413569, 2215, 0.1772
0.05099352918720117, 2359, 0.18872
0.05203591264423264, 2488, 0.19904
0.049686899156998254, 2380, 0.1904
0.04091173856816697, 1968, 0.15744
0.05525315645025049, 2664, 0.21312
0.03582475339805315, 1761, 0.14088
0.03196589360696878, 1612, 0.12896
0.05800774325062984, 2753, 0.22024
0.029216616513546814, 1464, 0.11712
0.0436799140633393, 2247, 0.17976
0.03856842334339284, 1918, 0.15344
0.04123709095825876, 2015, 0.1612
0.04369652346298731, 2159, 0.17272
0.05420515494471947, 2502, 0.20016
0.047521077366549785, 2331, 0.18648
0.04789996729397038, 2354, 0.18832
0.03501448856676235, 1740, 0.1392
0.05059795888484693, 2359, 0.18872
0.05226427749726179, 2477, 0.19816
0.04263747230485719, 2089, 0.16712
0.043788698968358936, 2135, 0.1708
0.05165404384768278, 2460, 0.1968
0.04161533244369689, 1990, 0.1592
0.038919316617099055, 1937, 0.15496
0.040915323542940446, 2019, 0.16152
0.04516924002926569, 2148, 0.17184
0.02036670854754865, 1018, 0.08144
0.0499122997285468, 2360, 0.1888
0.04817089404478167, 2309, 0.18472
0.05728266241054258, 2655, 0.2124
0.019452508269422335, 1008, 0.08064
0.032335195102170096, 1619, 0.12952
0.051822965852938795, 2368, 0.18944
0.03598482617151275, 1796, 0.14368
0.03422230837862786, 1685, 0.1348
0.02699634668918552, 1290, 0.1032
0.04784621411732324, 2315, 0.1852
0.05440492397722036, 2537, 0.20296
0.027510906947512837, 1403, 0.11224
0.06353808402031302, 3007, 0.24056
0.029961371472547092, 1574, 0.12592
0.03057065589414341, 1506, 0.12048
0.054495175167896905, 2472, 0.19776
0.034355416095359775, 1659, 0.13272
0.03951931133097957, 1987, 0.15896
0.032579293557300805, 1669, 0.13352
0.03679092891014421, 1820, 0.1456
0.06349166451930326, 2878, 0.23024
0.028987068546337688, 1539, 0.12312
0.057481702698384124, 2676, 0.21408
0.06351719652062912, 2912, 0.23296
0.04769634250788249, 2224, 0.17792
0.043627234086043215, 2115, 0.1692
0.04651722800847989, 2194, 0.17552
0.022116893420385253, 1152, 0.09216
0.038849109420041376, 1899, 0.15192
0.04838771582038688, 2358, 0.18864
0.04131681335209935, 2013, 0.16104
0.04205665083281962, 2070, 0.1656
0.041415833993637144, 1998, 0.15984
0.048894488598029744, 2283, 0.18264
0.046610846881224424, 2300, 0.184
0.02965882928790365, 1450, 0.116
0.04079504551460381, 1993, 0.15944
0.029043067773003285, 1444, 0.11552
0.04880604938907694, 2310, 0.1848
0.04980183533386671, 2343, 0.18744
0.04671463276446211, 2226, 0.17808
0.031045569956795756, 1579, 0.12632
0.05571985654229583, 2613, 0.20904
0.030523075013362128, 1553, 0.12424
0.03976315250465572, 1959, 0.15672
0.04475163849740781, 2119, 0.16952
0.0426510750156761, 2105, 0.1684
0.04291598558587, 2061, 0.16488
0.039787943044344964, 2015, 0.1612
0.04699086541198793, 2276, 0.18208
0.05712491940626011, 2632, 0.21056
0.045525681832216655, 2215, 0.1772
0.041219258076661144, 2017, 0.16136
0.04573517854779615, 2209, 0.17672
0.03688744303511355, 1808, 0.14464
0.0582633107373445, 2744, 0.21952
0.03853967589612121, 1851, 0.14808
0.0423006944642856, 2057, 0.16456
0.054368311550166935, 2603, 0.20824
0.04998525597547302, 2350, 0.188
0.041237969341880655, 2026, 0.16208
0.04473164327469097, 2148, 0.17184
0.031404257153130576, 1624, 0.12992
0.04258384194771595, 2103, 0.16824
0.03553200360164275, 1866, 0.14928
0.031822280593811196, 1572, 0.12576
0.045899107130805805, 2239, 0.17912
0.044316885176428185, 2147, 0.17176
0.06093869091271023, 2789, 0.22312
0.05344579413116416, 2536, 0.20288
0.03303702234534402, 1647, 0.13176
0.02298101652242648, 1206, 0.09648
0.05143677914499376, 2468, 0.19744
0.046763218711849415, 2275, 0.182
0.05029000311405922, 2393, 0.19144
0.0458744644643766, 2185, 0.1748
0.04961173547686061, 2364, 0.18912
0.02551719140275563, 1320, 0.1056
0.042476756388890376, 2082, 0.16656
0.04687901284567257, 2273, 0.18184
0.04680530140285025, 2187, 0.17496
0.04427900700109686, 2220, 0.1776
0.02554027790114243, 1378, 0.11024
0.04513450948917325, 2297, 0.18376
0.05991376384920083, 2839, 0.22712
0.05539490147819524, 2546, 0.20368
0.028838616056343264, 1398, 0.11184
0.03329179690032498, 1626, 0.13008
0.03281809874632646, 1626, 0.13008
0.05082169222171266, 2432, 0.19456
0.039878988022281556, 2025, 0.162
0.031736790334281555, 1598, 0.12784
0.04508609464428376, 2189, 0.17512
0.044580413817631774, 2128, 0.17024
0.03993189474251955, 2003, 0.16024
0.05800518419857768, 2760, 0.2208
0.038919227316390616, 1957, 0.15656
0.03251590911233736, 1644, 0.13152
0.03635848055377369, 1828, 0.14624
0.05980347092810577, 2782, 0.22256
0.02533813131973937, 1227, 0.09816
0.043137603848151594, 2041, 0.16328
0.05908335353364391, 2791, 0.22328
0.037502253622533475, 1905, 0.1524
0.043809768711808104, 2097, 0.16776
0.04878439737017699, 2351, 0.18808
0.06318880596041045, 2957, 0.23656
0.031314029735035505, 1546, 0.12368
0.04621027322118465, 2233, 0.17864
0.05147223768898952, 2476, 0.19808
0.04062018740180295, 2001, 0.16008
0.06607224548448022, 3052, 0.24416
0.047638651525888656, 2332, 0.18656
0.05972414644456976, 2858, 0.22864
0.01709256689994976, 914, 0.07312
0.05490942731828304, 2572, 0.20576
0.04343010912819904, 2053, 0.16424
0.04874210875972269, 2387, 0.19096
0.03906543039215147, 1955, 0.1564
0.0323462169183747, 1546, 0.12368
0.047012743460252214, 2259, 0.18072
0.041405064161936456, 2053, 0.16424
0.045997248846901866, 2159, 0.17272
0.03248151363801439, 1615, 0.1292
0.03247709775448387, 1619, 0.12952
0.04612494638213993, 2218, 0.17744
0.06942107596159953, 3188, 0.25504
0.05605860391757574, 2696, 0.21568
0.04280476345464993, 2093, 0.16744
0.03338605815302708, 1669, 0.13352
0.0610682487507228, 2858, 0.22864
0.04961481475484825, 2311, 0.18488
0.04913361644359977, 2377, 0.19016
0.03674092402357836, 1796, 0.14368
0.035368621508759274, 1746, 0.13968
0.040820435443850805, 1983, 0.15864
0.029095380519636505, 1498, 0.11984
0.05404264040758369, 2494, 0.19952
0.03349952512459932, 1713, 0.13704
0.05242405231564437, 2447, 0.19576
0.05130358765995427, 2493, 0.19944
0.0469407043987647, 2214, 0.17712
0.033529972847809286, 1623, 0.12984
0.0367147693939712, 1820, 0.1456
0.05347517258932444, 2610, 0.2088
0.040198501788905106, 2011, 0.16088
0.034928395620645994, 1692, 0.13536
0.04754690856375569, 2357, 0.18856
0.04973409879462059, 2452, 0.19616
0.04669175038128129, 2322, 0.18576
0.05231911187148431, 2498, 0.19984
0.05184945226946561, 2489, 0.19912
0.03922631358714045, 2013, 0.16104
0.03873453463064068, 1923, 0.15384
0.05016118600791243, 2336, 0.18688
0.03924997511484654, 1926, 0.15408
0.038627473548280056, 1992, 0.15936
0.05658535744314434, 2718, 0.21744
0.046013249972315276, 2164, 0.17312
0.03212022299433003, 1593, 0.12744
0.0324670213847062, 1620, 0.1296
0.031350992029161376, 1568, 0.12544
0.05501548163317465, 2606, 0.20848
0.05195177988921021, 2483, 0.19864
0.051669939740422666, 2405, 0.1924
0.07076118958353182, 3243, 0.25944
0.05503006266005018, 2591, 0.20728
0.04503811899255521, 2182, 0.17456
0.03753753258629796, 1804, 0.14432
0.029474399098034128, 1487, 0.11896
0.047016127790372626, 2329, 0.18632
0.041474532021802395, 2029, 0.16232
0.04668093023596911, 2207, 0.17656
0.042223381862553255, 2003, 0.16024
0.038304803738234125, 1926, 0.15408
0.046609627252384565, 2204, 0.17632
0.047295345554914776, 2348, 0.18784
0.05932149777504377, 2745, 0.2196
0.042002325029587395, 2042, 0.16336
0.06840366976469271, 3091, 0.24728
0.05065254510032929, 2413, 0.19304
0.04936192603019639, 2360, 0.1888
0.05107372431365081, 2515, 0.2012
0.05183257336300095, 2554, 0.20432
0.027928991622569815, 1419, 0.11352
0.049722946553637654, 2382, 0.19056
0.05567943700498631, 2710, 0.2168
0.04665780910231151, 2201, 0.17608
0.04098599309680711, 2028, 0.16224
0.04210099964675621, 2089, 0.16712
0.027750200028763012, 1395, 0.1116
0.04109864408611492, 2007, 0.16056
0.048095277178824614, 2349, 0.18792
0.053966052047976956, 2561, 0.20488
0.05550312940240377, 2561, 0.20488
0.025446463950268016, 1318, 0.10544
0.043486831305174285, 2161, 0.17288
0.02995043371177473, 1574, 0.12592
0.07062239133706452, 3141, 0.25128
0.04651323352821204, 2235, 0.1788
0.04695945177279148, 2283, 0.18264
0.05425748337355545, 2555, 0.2044
0.05714709553061383, 2614, 0.20912
0.03133434354304991, 1571, 0.12568
0.05625240601227089, 2595, 0.2076
0.05556872215474448, 2545, 0.2036
0.030595728836596225, 1532, 0.12256
0.0319463259523649, 1598, 0.12784
0.04021789916584372, 2003, 0.16024
0.045527571188119245, 2197, 0.17576
0.041369451042153886, 1990, 0.1592
0.04665454078831504, 2199, 0.17592
0.06063481625642587, 2837, 0.22696
0.05665226407714685, 2566, 0.20528
0.036572390278718454, 1817, 0.14536
0.041640131578407534, 2032, 0.16256
0.05513716247810713, 2589, 0.20712
0.03614131971732311, 1769, 0.14152
0.04133709678774491, 2035, 0.1628
0.05036545022301453, 2455, 0.1964
0.046049551809260694, 2221, 0.17768
0.04355181519971543, 2158, 0.17264
0.06090035329410414, 2771, 0.22168
0.052488366394382535, 2523, 0.20184
0.04765824183156057, 2250, 0.18
0.05215601944890708, 2450, 0.196
0.04634721111872161, 2213, 0.17704
0.03993887123994313, 2019, 0.16152
0.05007823718637726, 2437, 0.19496
0.045193162198855115, 2153, 0.17224
0.052602634492438946, 2533, 0.20264
0.05032559046999652, 2352, 0.18816
0.038302011308692395, 1879, 0.15032
0.02727877397795633, 1410, 0.1128
0.04052045492755521, 1990, 0.1592
0.0324936509701134, 1640, 0.1312
0.042920435211891754, 2038, 0.16304
0.03515630127834457, 1750, 0.14
0.036602057173688404, 1825, 0.146
0.05228616000861211, 2426, 0.19408
0.049177023711711815, 2373, 0.18984
0.04208645079735317, 1998, 0.15984
0.02748197437689627, 1383, 0.11064
0.04032747868253266, 2009, 0.16072
0.043128420338478114, 2168, 0.17344
0.05742293825341495, 2674, 0.21392
0.04631653490367753, 2273, 0.18184
0.07027404988521017, 3202, 0.25616
0.058852421995825244, 2715, 0.2172
0.03757060688895851, 1840, 0.1472
0.047007798740876044, 2211, 0.17688
0.03611337530029842, 1802, 0.14416
0.04761922206360367, 2316, 0.18528
0.044824454994962515, 2176, 0.17408
0.040588089314997564, 1966, 0.15728
0.03859660121759628, 1945, 0.1556
0.049607121247770364, 2339, 0.18712
0.04039407185515207, 1942, 0.15536
0.04860027722763913, 2265, 0.1812
0.04385242642195893, 2144, 0.17152
0.042417978745062736, 2085, 0.1668
0.049992153780507614, 2324, 0.18592
0.03169689724531573, 1590, 0.1272
0.04259012621317624, 2054, 0.16432
0.033777535716439086, 1676, 0.13408
0.05002247901113721, 2441, 0.19528
0.04182732350371655, 2044, 0.16352
0.0291059984887337, 1536, 0.12288
0.04673878919881283, 2267, 0.18136
0.0354561959778198, 1745, 0.1396
0.05818184463532162, 2751, 0.22008
0.019815994402537684, 1028, 0.08224
0.04346891980329183, 2077, 0.16616
0.05774904368636853, 2748, 0.21984
0.047383484041753014, 2273, 0.18184
0.035595730450203845, 1803, 0.14424
0.037018075273274366, 1754, 0.14032
0.04284249601829531, 2032, 0.16256
0.048309148283316214, 2358, 0.18864
0.05628763964899427, 2704, 0.21632
0.06526935341199461, 3004, 0.24032
0.05406442558669067, 2580, 0.2064
0.0500975125599657, 2387, 0.19096
0.031508570151859504, 1585, 0.1268
0.03923920858181917, 1919, 0.15352
0.04000506250184255, 1948, 0.15584
0.03972990139667696, 1951, 0.15608
0.039258814121044025, 1987, 0.15896
0.04375652372477507, 2158, 0.17264
0.028775601566172267, 1456, 0.11648
0.04806900274126037, 2201, 0.17608
0.036136476748922695, 1795, 0.1436
0.03456094890821965, 1715, 0.1372
0.05072291623214984, 2412, 0.19296
0.04828012506630817, 2307, 0.18456
0.04264176298080688, 2006, 0.16048
0.04283523160949571, 2112, 0.16896
0.05123712034680083, 2448, 0.19584
0.04635354656591512, 2186, 0.17488
0.021371340366414558, 1117, 0.08936
0.04343584212783015, 2101, 0.16808
0.04456510296174584, 2158, 0.17264
0.04502608372475322, 2290, 0.1832
0.031991266197293276, 1609, 0.12872
0.046643418655832186, 2200, 0.176
0.028892508592823413, 1459, 0.11672
0.0600965424213015, 2816, 0.22528
0.026657900353708547, 1379, 0.11032
0.03428929533621299, 1729, 0.13832
0.0419532803566284, 2089, 0.16712
0.030223990105951535, 1561, 0.12488
0.05341366842912148, 2466, 0.19728
0.04389907791537376, 2035, 0.1628
0.038189369379713005, 1874, 0.14992
0.03776807626622143, 1867, 0.14936
0.05909380161144016, 2648, 0.21184
0.052622935964311446, 2451, 0.19608
0.0220711129627613, 1143, 0.09144
0.0646782955727317, 2899, 0.23192
0.05491932028464151, 2611, 0.20888
0.03305079473204824, 1661, 0.13288
0.04162295647763332, 2072, 0.16576
0.06034156278000157, 2853, 0.22824
0.04887453036028825, 2342, 0.18736
0.04407386087321241, 2176, 0.17408
0.03773508054007933, 1922, 0.15376
0.041874285557488, 2062, 0.16496
0.03692067991416235, 1786, 0.14288
0.05385472326005751, 2570, 0.2056
0.050730916756156715, 2483, 0.19864
0.03099074297085973, 1529, 0.12232
0.05315474302265065, 2488, 0.19904
0.03708079211009278, 1844, 0.14752
0.03920927245394998, 1896, 0.15168
0.04363937742438087, 2080, 0.1664
0.028820311190556024, 1452, 0.11616
0.044515992032355414, 2182, 0.17456
0.038290908973347894, 1910, 0.1528
0.039618061318547816, 1885, 0.1508
0.05735298111921677, 2670, 0.2136
0.055771023591061224, 2637, 0.21096
0.03262457293391223, 1630, 0.1304
0.06123978528182897, 2938, 0.23504
0.03208852398712249, 1668, 0.13344
0.04859068031974737, 2346, 0.18768
0.047286714525098666, 2246, 0.17968
0.028905399441166574, 1438, 0.11504
0.05206955889034433, 2482, 0.19856
0.04300686651659129, 2103, 0.16824
0.01844279653125603, 931, 0.07448
0.036570970016445804, 1871, 0.14968
0.05161017517285998, 2461, 0.19688
0.048652258071723256, 2325, 0.186
0.05045046962316814, 2403, 0.19224
0.04102792784648725, 1905, 0.1524
0.05455458445424691, 2616, 0.20928
0.03689409068630092, 1787, 0.14296
0.04665714710080387, 2250, 0.18
0.05165818156362197, 2363, 0.18904
0.04940591514758326, 2377, 0.19016
0.03359778082696926, 1679, 0.13432
0.048250425402124916, 2409, 0.19272
0.045154331279824704, 2187, 0.17496
0.03600836801891849, 1678, 0.13424
0.04874825122034919, 2356, 0.18848
0.028454426392080536, 1444, 0.11552
0.051215803998226284, 2441, 0.19528
0.021526975560645183, 1105, 0.0884
0.03931030309524164, 1884, 0.15072
0.04395981768674727, 2165, 0.1732
0.056795922895050165, 2640, 0.2112
0.05523273907551179, 2564, 0.20512
0.044212692075870925, 2206, 0.17648
0.041777425715902115, 2024, 0.16192
0.03283222410612119, 1632, 0.13056
0.03617526081065668, 1818, 0.14544
0.039432036564195576, 1924, 0.15392
0.042167735419168254, 2084, 0.16672
0.046703299074025935, 2228, 0.17824
0.02555764372327212, 1281, 0.10248
0.0453428068180073, 2200, 0.176
0.04435849696228425, 2178, 0.17424
0.03850664418675433, 1974, 0.15792
0.05361505443813701, 2573, 0.20584
0.03347839398853081, 1668, 0.13344
0.04739389532032853, 2293, 0.18344
0.05750730832894343, 2664, 0.21312
0.05052580886412059, 2444, 0.19552
0.05643516948628922, 2611, 0.20888
0.04258566564579338, 2066, 0.16528
0.047259686745384624, 2181, 0.17448
0.04878157969280731, 2333, 0.18664
0.04745815616215047, 2302, 0.18416
0.050130401305419445, 2403, 0.19224
0.02660640063618441, 1337, 0.10696
0.032003526467504706, 1641, 0.13128
0.04577646620109809, 2181, 0.17448
0.04304872311923646, 2101, 0.16808
0.03594023073214251, 1784, 0.14272
0.05484242658391544, 2595, 0.2076
0.053865894691406235, 2571, 0.20568
0.04493493425451751, 2183, 0.17464
0.04630238549750552, 2219, 0.17752
0.054363107893728696, 2575, 0.206
0.038437197292277035, 1866, 0.14928
0.04440544041751698, 2114, 0.16912
0.04408612057525591, 2146, 0.17168
0.04969502104205774, 2384, 0.19072
0.04513911860587333, 2188, 0.17504
0.051212186263055584, 2403, 0.19224
0.045105768522017003, 2199, 0.17592
0.03332843923976863, 1631, 0.13048
0.050607512289747934, 2475, 0.198
0.05618985195702758, 2649, 0.21192
0.04709209859882086, 2194, 0.17552
0.029764717328669553, 1476, 0.11808
0.03747683028375605, 1869, 0.14952
0.03768860027690806, 1866, 0.14928
0.038655025047537116, 1936, 0.15488
0.0516377729701759, 2381, 0.19048
0.038874704886983316, 1923, 0.15384
0.049879548388763205, 2354, 0.18832
0.03423311983912851, 1672, 0.13376
0.0486732863134804, 2351, 0.18808
0.046898409608403496, 2280, 0.1824
0.05168646646285167, 2430, 0.1944
0.04800984572922964, 2310, 0.1848
0.047268358416844736, 2304, 0.18432
0.03683548156400045, 1831, 0.14648
0.04969155448874778, 2412, 0.19296
0.03101586556421176, 1541, 0.12328
0.05830026125131429, 2718, 0.21744
0.05846063068327827, 2774, 0.22192
0.0357862443487432, 1783, 0.14264
0.03915658021625267, 1995, 0.1596
0.0621513141819693, 2915, 0.2332
0.044752691451774025, 2210, 0.1768
0.046609208204636196, 2187, 0.17496
0.04484476826149327, 2147, 0.17176
0.05274734467499185, 2457, 0.19656
0.04344596455853956, 2025, 0.162
0.03443022468162116, 1717, 0.13736
0.03770245916141225, 1858, 0.14864
0.0507453440278378, 2453, 0.19624
0.040969297594969416, 1989, 0.15912
0.04517396891280519, 2216, 0.17728
0.03667604083039539, 1787, 0.14296
0.055729303140327896, 2591, 0.20728
0.05567196505207079, 2626, 0.21008
0.05062227950004635, 2465, 0.1972
0.04461123763300596, 2148, 0.17184
0.05208832086580726, 2530, 0.2024
0.02210462450997085, 1111, 0.08888
0.04166729686684612, 2099, 0.16792
0.03776839148759113, 1852, 0.14816
0.03760294672324086, 1896, 0.15168
0.046567901812245883, 2215, 0.1772
0.04351519927593528, 2066, 0.16528
0.039804493445758045, 1959, 0.15672
0.052893344531538114, 2462, 0.19696
0.03541338521623015, 1735, 0.1388
0.035267923779314654, 1743, 0.13944
0.0434570655136033, 2095, 0.1676
0.03031455371795586, 1484, 0.11872
0.031347550228754156, 1571, 0.12568
0.051355926444422634, 2412, 0.19296
0.051400215220398955, 2439, 0.19512
0.04724966994785323, 2304, 0.18432
0.05631206412053785, 2652, 0.21216
0.05621368994223644, 2647, 0.21176
0.053202206067001476, 2554, 0.20432
0.03750760526850684, 1945, 0.1556
0.03968946796084159, 1935, 0.1548
0.03843974108334654, 1903, 0.15224
0.04087625659461545, 2024, 0.16192
0.04685042894667555, 2244, 0.17952
0.03234165916375114, 1631, 0.13048
0.03687986368745389, 1738, 0.13904
0.06171317858553874, 2839, 0.22712
0.02543051327612556, 1332, 0.10656
0.04673334832684255, 2282, 0.18256
0.024846812621980168, 1280, 0.1024
0.0432545536758884, 2108, 0.16864
0.024277058681259685, 1218, 0.09744
0.04050546416805732, 1995, 0.1596
0.042761229068860644, 2092, 0.16736
0.029414337473741364, 1477, 0.11816
0.04577723445611713, 2147, 0.17176
0.03416489595815734, 1709, 0.13672
0.039917723309142304, 1957, 0.15656
0.05459241829610547, 2604, 0.20832
0.036434670724560164, 1830, 0.1464
0.046406332513566594, 2191, 0.17528
0.04386515539304014, 2078, 0.16624
0.05846708756885795, 2743, 0.21944
0.03908171192422375, 1880, 0.1504
0.05866565466690051, 2756, 0.22048
0.04400121819211446, 2112, 0.16896
0.035389423068952916, 1829, 0.14632
0.05147947488183507, 2525, 0.202
0.04914481853104518, 2364, 0.18912
0.046282406189755064, 2253, 0.18024
0.03268413145663605, 1691, 0.13528
0.03706253379439084, 1869, 0.14952
0.03858693763760771, 1881, 0.15048
0.04647974555022456, 2211, 0.17688
0.03068571383632949, 1557, 0.12456
0.04248711390904743, 2124, 0.16992
0.04393536159504998, 2098, 0.16784
0.04221034606366394, 2039, 0.16312
0.046521228790926177, 2286, 0.18288
0.04673717155785483, 2277, 0.18216
0.053907099587440645, 2468, 0.19744
0.0406032677896295, 2021, 0.16168
0.05812907423175427, 2698, 0.21584
0.051914852694573944, 2385, 0.1908
0.044300523909735906, 2189, 0.17512
0.046454938979500066, 2304, 0.18432
0.04496666150863369, 2228, 0.17824
0.04607072206980449, 2252, 0.18016
0.05053351930395679, 2435, 0.1948
0.02284159790544013, 1192, 0.09536
0.034907311370359705, 1714, 0.13712
0.05773477508242363, 2710, 0.2168
0.06121507018355319, 2861, 0.22888
0.04431275307524218, 2113, 0.16904
0.04675016676729545, 2259, 0.18072
0.04315577976143507, 2132, 0.17056
0.02611072678762664, 1316, 0.10528
0.04625895856207256, 2253, 0.18024
0.028633538468114474, 1369, 0.10952
0.030557497197470404, 1589, 0.12712
0.037039941823736953, 1878, 0.15024
0.0664743945810227, 3016, 0.24128
0.05459488203483221, 2573, 0.20584
0.03639918516281886, 1811, 0.14488
0.06661186159202054, 3066, 0.24528
0.036499861332502305, 1818, 0.14544
0.06140801719318179, 2839, 0.22712
0.04186794153207275, 2027, 0.16216
0.04548362558136321, 2179, 0.17432
0.03961242166686385, 1945, 0.1556
0.03687188341497988, 1796, 0.14368
0.03309676633060064, 1741, 0.13928
0.028965256165043887, 1480, 0.1184
0.04919056999874345, 2421, 0.19368
0.038968452561088635, 1906, 0.15248
0.03783083589729596, 1884, 0.15072
0.042381012438083884, 1999, 0.15992
0.019822361546039433, 1042, 0.08336
0.051914357498353186, 2517, 0.20136
0.040906969570957505, 2013, 0.16104
0.04489389771277776, 2146, 0.17168
0.05347238393376742, 2460, 0.1968
0.04769821956024026, 2308, 0.18464
0.048159618293699, 2307, 0.18456
0.04742467950306636, 2294, 0.18352
0.0606045689268368, 2845, 0.2276
0.03685934879316734, 1839, 0.14712
0.03578255519001754, 1806, 0.14448
0.03490448862529656, 1726, 0.13808
0.04171830633073478, 2091, 0.16728
0.04002642175386186, 1999, 0.15992
0.030341155080764494, 1584, 0.12672
0.04388133878473089, 2147, 0.17176
0.045755370806072, 2179, 0.17432
0.023494324224054633, 1203, 0.09624
0.03699920674224992, 1817, 0.14536
0.04487879007017075, 2156, 0.17248
0.05507950396686051, 2701, 0.21608
0.04162104698737921, 2039, 0.16312
0.0455490343935328, 2142, 0.17136
0.048873563871791044, 2353, 0.18824
0.04450467645596162, 2130, 0.1704
0.05976991581143048, 2710, 0.2168
0.049774548450424956, 2318, 0.18544
0.026926305127976967, 1371, 0.10968
0.05215965126950189, 2496, 0.19968
0.04200544092848909, 2046, 0.16368
0.04569180244906026, 2249, 0.17992
0.04964111432032297, 2371, 0.18968
0.0678305618521386, 3028, 0.24224
0.0514034016163126, 2500, 0.2
0.0568445035564041, 2679, 0.21432
0.05021428763714092, 2347, 0.18776
0.04055241335850936, 1933, 0.15464
0.04187486076867144, 2045, 0.1636
0.05574738317256937, 2656, 0.21248
0.03672624502364789, 1775, 0.142
0.04708611994636789, 2266, 0.18128
0.053253848331426976, 2505, 0.2004
0.04732119718767323, 2274, 0.18192
0.036172016443070554, 1810, 0.1448
0.05270643978433681, 2555, 0.2044
0.04240253395423602, 2059, 0.16472
0.04594170463297951, 2206, 0.17648
0.052589005417287324, 2417, 0.19336
0.04040150217393267, 2030, 0.1624
0.05128066611706963, 2461, 0.19688
0.04962957228353013, 2386, 0.19088
0.04812528244531665, 2392, 0.19136
0.042091287940867646, 1977, 0.15816
0.056628834388745795, 2710, 0.2168
0.04421764073693118, 2173, 0.17384
0.05760722345920516, 2725, 0.218
0.06278258502884942, 2912, 0.23296
0.03964924680759254, 1995, 0.1596
0.05756558477540356, 2744, 0.21952
0.040671546804220325, 1950, 0.156
0.04291745621390088, 2086, 0.16688
0.035224829746445925, 1737, 0.13896
0.050793184716063235, 2413, 0.19304
0.024967870135191896, 1333, 0.10664
0.04422673730724934, 2135, 0.1708
0.029996192363725215, 1463, 0.11704
0.05826929011411505, 2757, 0.22056
0.0470523293887488, 2257, 0.18056
0.03710056970374372, 1815, 0.1452
0.04389401142310216, 2018, 0.16144
0.05291137894824208, 2567, 0.20536
0.04394170406849892, 2129, 0.17032
0.03932746665099684, 1973, 0.15784
0.036574441916258436, 1754, 0.14032
0.03697319312791538, 1872, 0.14976
0.023034237913011662, 1140, 0.0912
0.061120153718324785, 2847, 0.22776
0.04939046349817518, 2335, 0.1868
0.0420671071856708, 2102, 0.16816
0.026689624150554203, 1414, 0.11312
0.046859410420175523, 2265, 0.1812
0.05390330904823288, 2548, 0.20384
0.039274321770707436, 1967, 0.15736
0.05051534984167746, 2386, 0.19088
0.04074270208774123, 1939, 0.15512
0.04474947069696749, 2232, 0.17856
0.04004848384433965, 1978, 0.15824
0.047682748692228445, 2368, 0.18944
0.030419092719183898, 1515, 0.1212
0.03582563203204966, 1794, 0.14352
0.05061657512349139, 2433, 0.19464
0.06231544949883772, 2868, 0.22944
0.055100374350153046, 2573, 0.20584
0.0284899865551187, 1406, 0.11248
0.057820560365357904, 2725, 0.218
0.05904593939748344, 2742, 0.21936
0.05861001644052035, 2730, 0.2184
0.05881283084441253, 2741, 0.21928
0.05689571675866475, 2693, 0.21544
0.032152893819849516, 1696, 0.13568
0.05579024128760139, 2617, 0.20936
0.036128448253804846, 1784, 0.14272
0.0432936915089064, 2125, 0.17
0.05137216551916004, 2522, 0.20176
0.05197984624169295, 2462, 0.19696
0.03885719337875423, 1902, 0.15216
0.04722318990767602, 2301, 0.18408
0.03025752621966054, 1538, 0.12304
0.03243129183570559, 1674, 0.13392
0.04006764728326482, 2009, 0.16072
0.04589139699842895, 2223, 0.17784
0.04623310831561429, 2227, 0.17816
0.04088002727930412, 2021, 0.16168
0.04498961571693883, 2212, 0.17696
0.02583486388606559, 1355, 0.1084
0.033577101931376536, 1686, 0.13488
0.05769810218977291, 2720, 0.2176
0.05817040114472198, 2676, 0.21408
0.02994037071536003, 1566, 0.12528
0.04759952679815033, 2235, 0.1788
0.05918011847788367, 2732, 0.21856
0.03909405103122798, 1897, 0.15176
0.04662290477475421, 2295, 0.1836
0.05015417068782413, 2462, 0.19696
0.04028898542867597, 1915, 0.1532
0.05600941893712408, 2652, 0.21216
0.033050541634652805, 1598, 0.12784
0.05293234923830965, 2494, 0.19952
0.03873512469536, 1916, 0.15328
0.06088774595543142, 2826, 0.22608
0.05674500572108766, 2662, 0.21296
0.027123410310748046, 1337, 0.10696
0.04100467494039895, 2058, 0.16464
0.04184412957892681, 2065, 0.1652
0.04345980927820075, 2145, 0.1716
0.03251204789199399, 1623, 0.12984
0.04895950473383002, 2321, 0.18568
0.034013020755618045, 1659, 0.13272
0.04931645124378326, 2379, 0.19032
0.02811989104115156, 1408, 0.11264
0.0511368744705667, 2400, 0.192
0.030671218330351302, 1564, 0.12512
0.03274527178195459, 1656, 0.13248
0.04256121269586084, 2082, 0.16656
0.046080492858709125, 2197, 0.17576
0.03580869836564241, 1814, 0.14512
0.04091214508701083, 1902, 0.15216
0.047633956987442154, 2304, 0.18432
0.03700837506858026, 1826, 0.14608
0.04542846266615013, 2194, 0.17552
0.055705555103258676, 2618, 0.20944
0.0396440815142984, 1884, 0.15072
0.043077163658705835, 2072, 0.16576
0.03773081584983811, 1920, 0.1536
0.04862246312358458, 2366, 0.18928
0.04384102376506183, 2106, 0.16848
0.04280733367940234, 2064, 0.16512
0.04633034066663584, 2180, 0.1744
0.03916319263016505, 1896, 0.15168
0.03986083012670897, 1955, 0.1564
0.05925595563092126, 2817, 0.22536
0.06151700779886406, 2858, 0.22864
0.06313141992173954, 3001, 0.24008
0.048949519373139225, 2428, 0.19424
0.0316561962048102, 1546, 0.12368
0.0437205169647706, 2119, 0.16952
0.06536918504725718, 3011, 0.24088
0.04315378481084448, 2100, 0.168
0.053864099773572593, 2586, 0.20688
0.0389263685036144, 1907, 0.15256
0.04283390982222782, 2077, 0.16616
0.0447788333952636, 2188, 0.17504
0.05991678043562765, 2774, 0.22192
0.06881247114268546, 3163, 0.25304
0.035597070342092356, 1739, 0.13912
0.06866156148465989, 3183, 0.25464
0.04779455312777596, 2219, 0.17752
0.04045390059211033, 1969, 0.15752
0.039561764271209915, 1919, 0.15352
0.05626379903728906, 2672, 0.21376
0.03416969061113667, 1695, 0.1356
0.05924406790692569, 2769, 0.22152
0.04259272596628017, 2109, 0.16872
0.03844261376903121, 1888, 0.15104
0.05340772798613932, 2562, 0.20496
0.021210712475562568, 1096, 0.08768
0.05394540145093404, 2561, 0.20488
0.04832727255755064, 2324, 0.18592
0.03908965389387775, 1807, 0.14456
0.04741379866034137, 2293, 0.18344
0.04259982856345496, 2119, 0.16952
0.059189552282035554, 2748, 0.21984
0.03763870486081416, 1847, 0.14776
0.048093062162732333, 2298, 0.18384
0.02809537293280104, 1409, 0.11272
0.06192334758205453, 2871, 0.22968
0.046718176037066114, 2305, 0.1844
0.03337238544785929, 1711, 0.13688
0.05433184858066537, 2586, 0.20688
0.033218136821213926, 1601, 0.12808
0.034297554097787994, 1705, 0.1364
0.05963687311385489, 2801, 0.22408
0.055455815013439914, 2693, 0.21544
0.04478038604669378, 2178, 0.17424
0.04989081833709847, 2399, 0.19192
0.048576608558186976, 2272, 0.18176
0.06291422748581418, 2888, 0.23104
0.04385662758574635, 2113, 0.16904
0.03637641085394717, 1868, 0.14944
0.04103590495160782, 2013, 0.16104
0.03748629549610389, 1866, 0.14928
0.02921203964419494, 1434, 0.11472
0.048219364242858304, 2332, 0.18656
0.05943563839215435, 2870, 0.2296
0.04867888592018188, 2347, 0.18776
0.05292312169209695, 2433, 0.19464
0.051847694917132495, 2502, 0.20016
0.04536607604825614, 2190, 0.1752
0.03975278682212164, 1938, 0.15504
0.04367997482546496, 2201, 0.17608
0.03815252905276373, 1837, 0.14696
0.03739904406708579, 1877, 0.15016
0.04653314630710211, 2283, 0.18264
0.04540626632261131, 2221, 0.17768
0.03873654314805146, 1938, 0.15504
0.04040169189708506, 2032, 0.16256
0.05466254501689193, 2527, 0.20216
0.03425096159445319, 1706, 0.13648
0.04661347090935614, 2255, 0.1804
0.047660224762776884, 2282, 0.18256
0.034612383746177124, 1699, 0.13592
0.0546963279690099, 2632, 0.21056
0.048072758379692104, 2347, 0.18776
0.04787937603616267, 2325, 0.186
0.044422493909688686, 2155, 0.1724
0.05366332272776554, 2622, 0.20976
0.023662852456374128, 1242, 0.09936
0.049268487694109415, 2376, 0.19008
0.042017891212987366, 2068, 0.16544
0.05087936113651902, 2433, 0.19464
0.04713636150524052, 2263, 0.18104
0.04812066521215235, 2400, 0.192
0.03439430573299956, 1697, 0.13576
0.028348558818585032, 1439, 0.11512
0.037695386428364716, 1903, 0.15224
0.06292594262980115, 2860, 0.2288
0.041272896069707014, 2057, 0.16456
0.0423606062877205, 2085, 0.1668
0.04065166741807849, 1973, 0.15784
0.050068865305665934, 2434, 0.19472
0.04350993639813695, 2141, 0.17128
0.05619730872988046, 2584, 0.20672
0.05484291183715306, 2643, 0.21144
0.031755041523884, 1597, 0.12776
0.05304208161763608, 2546, 0.20368
0.026087653962753796, 1368, 0.10944
0.03854106272065435, 1901, 0.15208
0.06085396129487949, 2822, 0.22576
0.042614392326403926, 2080, 0.1664
0.04183265458955332, 2050, 0.164
0.034238692210373095, 1709, 0.13672
0.04385823676291229, 2099, 0.16792
0.04463066324145311, 2172, 0.17376
0.031092358267329052, 1544, 0.12352
0.04050807568041692, 1968, 0.15744
0.04232379878728646, 2091, 0.16728
0.059275222084124085, 2727, 0.21816
0.04176308870091195, 2011, 0.16088
0.05291501920439814, 2504, 0.20032
0.04440566923439042, 2206, 0.17648
0.054002809867368134, 2542, 0.20336
0.04639364531259517, 2225, 0.178
0.03268385167993123, 1626, 0.13008
0.04621999008081266, 2257, 0.18056
0.044899449755624224, 2200, 0.176
0.04786544283535634, 2317, 0.18536
0.04976941658480429, 2415, 0.1932
0.03367580264382334, 1650, 0.132
0.033544100989863615, 1663, 0.13304
0.052176743235503774, 2430, 0.1944
0.05013249830523015, 2320, 0.1856
0.033515583987960625, 1664, 0.13312
0.03343410084852153, 1655, 0.1324
0.04968412222004616, 2362, 0.18896
0.05480774328740978, 2533, 0.20264
0.05392482155601871, 2610, 0.2088
0.02354844398845387, 1225, 0.098
0.049849186798881256, 2336, 0.18688
0.04729148912513682, 2364, 0.18912
0.043229000424996264, 2060, 0.1648
0.03825777278923321, 1853, 0.14824
0.024603253268469245, 1301, 0.10408
0.03643755465229361, 1749, 0.13992
0.042970901573685445, 2133, 0.17064
0.04918918404653524, 2406, 0.19248
0.03111290546264461, 1553, 0.12424
0.03420394387791635, 1751, 0.14008
0.037431144623093236, 1845, 0.1476
0.05415934972156999, 2566, 0.20528
0.06032838215885793, 2751, 0.22008
0.0358484971945269, 1736, 0.13888
0.034870703062987424, 1759, 0.14072
0.036788763417065426, 1871, 0.14968
0.035224914341471535, 1666, 0.13328
0.05809379623008385, 2799, 0.22392
0.049853139193016, 2386, 0.19088
0.04769752689279091, 2359, 0.18872
0.04433946171217424, 2185, 0.1748
0.028514834641247534, 1411, 0.11288
0.051986544470718904, 2548, 0.20384
0.058762871284670705, 2815, 0.2252
0.06466059018784379, 2901, 0.23208
0.05381606880494863, 2598, 0.20784
0.031190486980891694, 1641, 0.13128
0.058231815296028104, 2703, 0.21624
0.04469457448602023, 2178, 0.17424
0.03990395667091602, 1946, 0.15568
0.050399189063605465, 2422, 0.19376
0.053400273794003396, 2469, 0.19752
0.05042207964694727, 2331, 0.18648
0.0319860663117636, 1620, 0.1296
0.05658662233609136, 2627, 0.21016
0.04387858244224124, 2131, 0.17048
0.02731790768891339, 1390, 0.1112
0.05424694836899594, 2552, 0.20416
0.05178838027517599, 2455, 0.1964
0.043856042515162466, 2148, 0.17184
0.04602003916835148, 2182, 0.17456
0.054150927351428936, 2596, 0.20768
0.03716811870098525, 1844, 0.14752
0.044601603347436306, 2215, 0.1772
0.04274952126232783, 2057, 0.16456
0.02072277447019065, 1092, 0.08736
0.042533178470919926, 2028, 0.16224
0.04630846979893889, 2251, 0.18008
0.0504770498812851, 2483, 0.19864
0.05623716471354358, 2592, 0.20736
0.04952379591177195, 2374, 0.18992
0.04041874591339515, 1997, 0.15976
0.058824619751294056, 2752, 0.22016
0.0474971971354476, 2272, 0.18176
0.04637181624768499, 2190, 0.1752
0.03212028724386673, 1576, 0.12608
0.043452723742520065, 2141, 0.17128
0.02624769796942259, 1387, 0.11096
0.04435091673740337, 2170, 0.1736
0.038642195707299265, 1980, 0.1584
0.038967638359321384, 1988, 0.15904
0.05734314406532363, 2724, 0.21792
0.05154221563366176, 2529, 0.20232
0.044544026024537574, 2176, 0.17408
0.05130001516568936, 2474, 0.19792
0.05439688706003723, 2512, 0.20096
0.05751216488634772, 2730, 0.2184
0.04735789949571705, 2287, 0.18296
0.04416778907221374, 2162, 0.17296
0.021702617376480483, 1086, 0.08688
0.013240868312920984, 727, 0.05816
0.03541227388484526, 1774, 0.14192
0.05456452665323428, 2572, 0.20576
0.03576789184969713, 1806, 0.14448
0.043550017784077896, 2089, 0.16712
0.04842799862161769, 2358, 0.18864
0.058881949799577206, 2751, 0.22008
0.05499634754765193, 2567, 0.20536
0.05964377316779614, 2870, 0.2296
0.028533666647191477, 1457, 0.11656
0.02558529839071518, 1332, 0.10656
0.04151635468403821, 2030, 0.1624
0.05044536075460445, 2446, 0.19568
0.05345297548707105, 2538, 0.20304
0.040333320015899746, 1921, 0.15368
0.043506856100496386, 2151, 0.17208
0.05959597469806035, 2755, 0.2204
0.02831547975663608, 1427, 0.11416
0.04798585850000013, 2369, 0.18952
0.05110146040103605, 2422, 0.19376
0.03868206006712523, 1914, 0.15312
