Time to failure, Number of defective sites, Fraction of defect
0.05866357671221696, 2987, 0.23896
0.047340281226275954, 2511, 0.20088
0.04738300464977146, 2479, 0.19832
0.04931079615378946, 2594, 0.20752
0.04438532182945685, 2324, 0.18592
0.04877929780015825, 2513, 0.20104
0.038641602242193415, 2068, 0.16544
0.03319809846055186, 1855, 0.1484
0.055142793618858925, 2728, 0.21824
0.025224552955229677, 1444, 0.11552
0.03351233764056592, 1919, 0.15352
0.04255281213882341, 2243, 0.17944
0.05407321601493078, 2813, 0.22504
0.02551825827084, 1455, 0.1164
0.053941576844582444, 2763, 0.22104
0.054501406118305555, 2776, 0.22208
0.05758988692351413, 2966, 0.23728
0.05344450990081327, 2763, 0.22104
0.030358233293445384, 1715, 0.1372
0.04526119832140212, 2444, 0.19552
0.03334794143170551, 1836, 0.14688
0.05920392650245705, 3078, 0.24624
0.051808950860383986, 2653, 0.21224
0.02697956597830519, 1510, 0.1208
0.025201190449854582, 1387, 0.11096
0.05253167897126348, 2728, 0.21824
0.033517052268350264, 1867, 0.14936
0.03814744723586158, 2054, 0.16432
0.03782477317777594, 2091, 0.16728
0.040824461283468554, 2189, 0.17512
0.04540580094880159, 2430, 0.1944
0.051259706278371626, 2745, 0.2196
0.048590756138413835, 2586, 0.20688
0.030251722580310624, 1666, 0.13328
0.02152734521529424, 1222, 0.09776
0.05004026451914993, 2643, 0.21144
0.039283896223478075, 2140, 0.1712
0.041738763575269795, 2267, 0.18136
0.03936292007595597, 2117, 0.16936
0.04059319222023029, 2137, 0.17096
0.03920319648462577, 2057, 0.16456
0.04384731358311179, 2370, 0.1896
0.0507114418541684, 2669, 0.21352
0.04982250059765573, 2585, 0.2068
0.055990315829376795, 2932, 0.23456
0.046043992436424666, 2474, 0.19792
0.05951942700787252, 3074, 0.24592
0.05982290894441683, 3006, 0.24048
0.04885763587274092, 2549, 0.20392
0.05048182983729639, 2645, 0.2116
0.04860372964744605, 2605, 0.2084
0.029016081443693068, 1590, 0.1272
0.03725622816027494, 1987, 0.15896
0.03408939518769145, 1874, 0.14992
0.03214181966993711, 1802, 0.14416
0.049746740800190314, 2674, 0.21392
0.056216401463507946, 2882, 0.23056
0.02475286716253295, 1401, 0.11208
0.04363436714589477, 2410, 0.1928
0.029530393137603365, 1697, 0.13576
0.05009179980534812, 2671, 0.21368
0.01982117213533706, 1137, 0.09096
0.023642469515802476, 1375, 0.11
0.02447967143112689, 1431, 0.11448
0.032660630367499756, 1785, 0.1428
0.03508411995489249, 1927, 0.15416
0.03268544085760907, 1796, 0.14368
0.014215679028372992, 838, 0.06704
0.04075804435763302, 2238, 0.17904
0.03546996764517005, 1918, 0.15344
0.0353747131370416, 1904, 0.15232
0.04137736071601719, 2248, 0.17984
0.046788343194931865, 2390, 0.1912
0.02009269646169638, 1224, 0.09792
0.03583797364258081, 1967, 0.15736
0.049746532913377405, 2600, 0.208
0.0458615400235685, 2442, 0.19536
0.0528295749537307, 2774, 0.22192
0.040624472839372296, 2222, 0.17776
0.06114535262696378, 3062, 0.24496
0.03332929794091847, 1799, 0.14392
0.04140897642888317, 2276, 0.18208
0.030653649454027126, 1664, 0.13312
0.0454490490641306, 2439, 0.19512
0.04127277338676657, 2221, 0.17768
0.03537630856065775, 1927, 0.15416
0.03610564765347809, 1920, 0.1536
0.02773012785675313, 1509, 0.12072
0.047303693117802394, 2474, 0.19792
0.054045470154914024, 2832, 0.22656
0.05027792274512144, 2573, 0.20584
0.04350736316357033, 2310, 0.1848
0.031122695805787505, 1716, 0.13728
0.05130111469429399, 2748, 0.21984
0.060704266397743206, 3051, 0.24408
0.04324583596810859, 2282, 0.18256
0.03613882535716522, 1998, 0.15984
0.0370171572449218, 2027, 0.16216
0.04884104690395727, 2603, 0.20824
0.04233823610368968, 2224, 0.17792
0.030957949276994457, 1710, 0.1368
0.01998131387487273, 1182, 0.09456
0.051095546388807, 2667, 0.21336
0.04026238308799308, 2201, 0.17608
0.0529797041370864, 2759, 0.22072
0.05629018903686778, 2929, 0.23432
0.05163241539407012, 2691, 0.21528
0.0388045057738937, 2082, 0.16656
0.04353314660481526, 2338, 0.18704
0.03354587411153147, 1790, 0.1432
0.04587206953190556, 2506, 0.20048
0.041192260371255986, 2192, 0.17536
0.04288144296022764, 2281, 0.18248
0.04262945143363844, 2330, 0.1864
0.047655884523414516, 2501, 0.20008
0.02593786965241069, 1497, 0.11976
0.055682128003950636, 2857, 0.22856
0.03902149338267078, 2088, 0.16704
0.04462490211982154, 2411, 0.19288
0.03250464818505191, 1885, 0.1508
0.056749339942619784, 2921, 0.23368
0.04146268341677892, 2117, 0.16936
0.03340419349852011, 1850, 0.148
0.029314271387105253, 1639, 0.13112
0.04340000656074751, 2327, 0.18616
0.04082870251119076, 2220, 0.1776
0.053596372822027664, 2827, 0.22616
0.03530682257008693, 1909, 0.15272
0.02829931142537732, 1575, 0.126
0.033093770132336095, 1911, 0.15288
0.03402481476262761, 1799, 0.14392
0.03839651712149231, 2153, 0.17224
0.04037522288713044, 2199, 0.17592
0.05886074129692862, 3031, 0.24248
0.035034552066856, 1888, 0.15104
0.048383475206603924, 2593, 0.20744
0.02818204217764312, 1588, 0.12704
0.04040129951542801, 2210, 0.1768
0.03791439262877543, 2170, 0.1736
0.03503508501056517, 1947, 0.15576
0.02776388170977995, 1579, 0.12632
0.0401200885665754, 2188, 0.17504
0.053304138597943085, 2801, 0.22408
0.05428863809549395, 2860, 0.2288
0.024802484609271428, 1402, 0.11216
0.03147044503314746, 1725, 0.138
0.04816383243952692, 2563, 0.20504
0.045870221868474226, 2397, 0.19176
0.055201752533398166, 2905, 0.2324
0.04743150508563476, 2542, 0.20336
0.02747500751005783, 1500, 0.12
0.04377985986395618, 2323, 0.18584
0.043271392151724375, 2300, 0.184
0.056559360970855475, 2928, 0.23424
0.039235891411586975, 2167, 0.17336
0.03155263565880919, 1774, 0.14192
0.05551953194921189, 2837, 0.22696
0.039168976000289596, 2158, 0.17264
0.03940143979162414, 2157, 0.17256
0.03958043594266211, 2190, 0.1752
0.04211569997417682, 2241, 0.17928
0.04402741050772147, 2329, 0.18632
0.05050057904893442, 2615, 0.2092
0.046682712097786926, 2533, 0.20264
0.04230670505493739, 2278, 0.18224
0.04887699211763756, 2568, 0.20544
0.02767872058956193, 1600, 0.128
0.03137213019646305, 1742, 0.13936
0.025654929281586768, 1454, 0.11632
0.030483310571053, 1688, 0.13504
0.040725439073572754, 2224, 0.17792
0.030481488563937016, 1648, 0.13184
0.03283203243638386, 1792, 0.14336
0.04288109743857009, 2294, 0.18352
0.038493639034421184, 2162, 0.17296
0.04728614287300854, 2496, 0.19968
0.05263678874174638, 2799, 0.22392
0.05432472146564718, 2794, 0.22352
0.03723075066327804, 2078, 0.16624
0.05968102548140977, 3150, 0.252
0.039397511373810916, 2137, 0.17096
0.043236571552637035, 2367, 0.18936
0.0444570581660867, 2428, 0.19424
0.039178072429112296, 2070, 0.1656
0.04585412447163269, 2464, 0.19712
0.03780074240771319, 2098, 0.16784
0.046333153915013144, 2390, 0.1912
0.031829382464770066, 1737, 0.13896
0.0385855207395809, 2095, 0.1676
0.035559458237898085, 1900, 0.152
0.04302155467156091, 2328, 0.18624
0.04503996663944673, 2367, 0.18936
0.04416036686327989, 2436, 0.19488
0.04491407976939324, 2489, 0.19912
0.042455918318275186, 2268, 0.18144
0.0406387131705268, 2178, 0.17424
0.057686082029966, 2929, 0.23432
0.036825716240932595, 2091, 0.16728
0.04384330089267732, 2365, 0.1892
0.026057575110456782, 1519, 0.12152
0.030918461435865217, 1721, 0.13768
0.03651354530224015, 2021, 0.16168
0.041774463108906985, 2189, 0.17512
0.02219157604330733, 1224, 0.09792
0.02874365501801026, 1662, 0.13296
0.04512357394030916, 2402, 0.19216
0.026284285313731635, 1462, 0.11696
0.04191427267757058, 2178, 0.17424
0.028535592099156435, 1620, 0.1296
0.03511141973888432, 1961, 0.15688
0.032287318680151125, 1758, 0.14064
0.04483465265126638, 2399, 0.19192
0.034535926834714493, 1945, 0.1556
0.037539531163135305, 1954, 0.15632
0.040838933498112254, 2251, 0.18008
0.040018495506281594, 2188, 0.17504
0.05037105563039961, 2643, 0.21144
0.04848821253320636, 2580, 0.2064
0.03512304874099787, 1875, 0.15
0.035980524827875164, 1960, 0.1568
0.03233584093819838, 1769, 0.14152
0.02792642937932868, 1586, 0.12688
0.03671774852666536, 1975, 0.158
0.041421434673639304, 2238, 0.17904
0.03511236120038898, 1955, 0.1564
0.05243001986049369, 2790, 0.2232
0.05739218881686018, 2902, 0.23216
0.04856704021233422, 2497, 0.19976
0.039785673916140504, 2141, 0.17128
0.055788483424854846, 2853, 0.22824
0.029913542933225963, 1650, 0.132
0.03620628491503973, 1944, 0.15552
0.046622541126882605, 2400, 0.192
0.044740397120068165, 2431, 0.19448
0.038722951515561814, 2097, 0.16776
0.026227121326506217, 1545, 0.1236
0.037125728365348054, 2027, 0.16216
0.037530413130677315, 2091, 0.16728
0.05506661347059958, 2777, 0.22216
0.036245131439284, 1990, 0.1592
0.03614018793692773, 2100, 0.168
0.057597883533680116, 2995, 0.2396
0.05198515483323152, 2725, 0.218
0.038320807807157325, 2062, 0.16496
0.04996754893553547, 2604, 0.20832
0.04148871589965018, 2217, 0.17736
0.03325490220066207, 1806, 0.14448
0.028168032918551064, 1564, 0.12512
0.05389107576167206, 2739, 0.21912
0.03673289224310328, 2026, 0.16208
0.03894243782938973, 2141, 0.17128
0.05099942037763259, 2677, 0.21416
0.05471978090216703, 2833, 0.22664
0.04974436640453136, 2596, 0.20768
0.029433321794370793, 1643, 0.13144
0.03699839803025055, 2020, 0.1616
0.034334355051907454, 1929, 0.15432
0.04505833317745899, 2428, 0.19424
0.02313567645708208, 1327, 0.10616
0.03948844683891872, 2167, 0.17336
0.04851480220415535, 2568, 0.20544
0.0412574608944037, 2248, 0.17984
0.052429581829005756, 2772, 0.22176
0.028290134710532284, 1554, 0.12432
0.03930919250412641, 2133, 0.17064
0.03497637548697023, 1895, 0.1516
0.03753430893424484, 2041, 0.16328
0.04070867014461679, 2194, 0.17552
0.036364251973173695, 2037, 0.16296
0.0356403657803686, 1924, 0.15392
0.045698729594737, 2417, 0.19336
0.0326207197430117, 1889, 0.15112
0.026239481268334426, 1429, 0.11432
0.03920173008192158, 2131, 0.17048
0.03762673975864469, 1997, 0.15976
0.04090703254104898, 2235, 0.1788
0.034379165064152874, 1943, 0.15544
0.04881668377651618, 2610, 0.2088
0.03992639616792052, 2149, 0.17192
0.04469985844714923, 2315, 0.1852
0.0374223841185604, 2102, 0.16816
0.04752486808754783, 2486, 0.19888
0.05319593170461077, 2716, 0.21728
0.02280338657430828, 1282, 0.10256
0.0470445313137168, 2499, 0.19992
0.051474868413946835, 2666, 0.21328
0.04024761136695476, 2201, 0.17608
0.03612654672790376, 1962, 0.15696
0.05714420257436191, 2904, 0.23232
0.0554280667168146, 2865, 0.2292
0.048506269789898936, 2588, 0.20704
0.048318874443999085, 2524, 0.20192
0.03587279363977179, 1971, 0.15768
0.04359712379923776, 2315, 0.1852
0.032833776363353225, 1814, 0.14512
0.04082583328150175, 2172, 0.17376
0.037950990898568834, 2130, 0.1704
0.03229522199095204, 1786, 0.14288
0.0327782442619166, 1852, 0.14816
0.05588135023749429, 2885, 0.2308
0.04161154356817551, 2281, 0.18248
0.03753316476454354, 2031, 0.16248
0.055629160441303935, 2963, 0.23704
0.04122649095906144, 2181, 0.17448
0.05768512656059552, 2973, 0.23784
0.047364834166313596, 2456, 0.19648
0.054782530400298166, 2859, 0.22872
0.04792394982878183, 2497, 0.19976
0.04763562026248334, 2498, 0.19984
0.0503361446946919, 2685, 0.2148
0.02519054518267157, 1462, 0.11696
0.04503652095942094, 2356, 0.18848
0.03293070281834076, 1819, 0.14552
0.04771178154587779, 2520, 0.2016
0.044403500186645385, 2439, 0.19512
0.04037901294990852, 2225, 0.178
0.04850538020772838, 2508, 0.20064
0.03298133049475206, 1859, 0.14872
0.026553067518784515, 1516, 0.12128
0.04078448270484741, 2181, 0.17448
0.051020730774597595, 2689, 0.21512
0.0379601408491059, 2059, 0.16472
0.030187781802833467, 1700, 0.136
0.013935121264463921, 813, 0.06504
0.03594593337705967, 2019, 0.16152
0.04554450056657018, 2427, 0.19416
0.0315544973173694, 1742, 0.13936
0.028143435600722463, 1600, 0.128
0.04852040967009987, 2615, 0.2092
0.049014728140702575, 2560, 0.2048
0.04647636226668245, 2454, 0.19632
0.053539494288352585, 2778, 0.22224
0.04959411488393169, 2605, 0.2084
0.04451716446681698, 2413, 0.19304
0.04000623432670965, 2154, 0.17232
0.0345621504936873, 1885, 0.1508
0.04254263580653034, 2302, 0.18416
0.04082974897695005, 2153, 0.17224
0.05383375259105881, 2729, 0.21832
0.0396883485201565, 2292, 0.18336
0.029090055658029988, 1679, 0.13432
0.04302995743568737, 2330, 0.1864
0.038504788646205726, 2039, 0.16312
0.04616086708066474, 2498, 0.19984
0.04187913185731732, 2259, 0.18072
0.03872443101291833, 2083, 0.16664
0.045794982221340284, 2373, 0.18984
0.046601748009243986, 2475, 0.198
0.056464111333600256, 2951, 0.23608
0.036149194648868975, 1993, 0.15944
0.044828879201355504, 2377, 0.19016
0.03671511318876755, 2034, 0.16272
0.05133340553225087, 2780, 0.2224
0.05668092572592476, 2919, 0.23352
0.037859114386172885, 2030, 0.1624
0.05095909227036538, 2706, 0.21648
0.04832134158443334, 2569, 0.20552
0.06043585312198969, 2998, 0.23984
0.0499281161651202, 2575, 0.206
0.061100477087535306, 3096, 0.24768
0.05339227412913125, 2856, 0.22848
0.0391029881085957, 2141, 0.17128
0.05732664064908843, 2992, 0.23936
0.04790506460584949, 2537, 0.20296
0.044827228285319036, 2413, 0.19304
0.026772491176374147, 1479, 0.11832
0.0421440653720466, 2285, 0.1828
0.027657086577305645, 1615, 0.1292
0.04370573969739578, 2267, 0.18136
0.04282557046167162, 2338, 0.18704
0.02136514503663909, 1276, 0.10208
0.04088518539836468, 2203, 0.17624
0.03568363804972532, 1937, 0.15496
0.04624477211720528, 2428, 0.19424
0.03538548111271247, 2003, 0.16024
0.04589553145557038, 2401, 0.19208
0.04924907464540331, 2540, 0.2032
0.049959395577878846, 2680, 0.2144
0.0373295660438585, 2059, 0.16472
0.04653373582473485, 2481, 0.19848
0.033110165248517516, 1850, 0.148
0.04716479765660699, 2550, 0.204
0.04222236133263594, 2292, 0.18336
0.024119543346032897, 1368, 0.10944
0.04013714082071589, 2175, 0.174
0.013229405111802428, 813, 0.06504
0.045805121517702954, 2448, 0.19584
0.04037413130066602, 2121, 0.16968
0.040330010789121275, 2163, 0.17304
0.0491522917942803, 2506, 0.20048
0.04175017034562889, 2228, 0.17824
0.051900411192105526, 2710, 0.2168
0.0363175792301941, 1993, 0.15944
0.030336748003336647, 1654, 0.13232
0.03502593186504066, 1909, 0.15272
0.055920836605521246, 2850, 0.228
0.049591924819604304, 2580, 0.2064
0.026776518161656045, 1509, 0.12072
0.030256729492999256, 1649, 0.13192
0.03082476748958658, 1669, 0.13352
0.044167921674762134, 2314, 0.18512
0.028847977007560355, 1549, 0.12392
0.03758346401768933, 2012, 0.16096
0.030774094511795937, 1709, 0.13672
0.05075075126906291, 2670, 0.2136
0.041951124675978675, 2200, 0.176
0.05151833711991208, 2671, 0.21368
0.02919551563063276, 1627, 0.13016
0.0394235730594029, 2101, 0.16808
0.05045578104131014, 2657, 0.21256
0.03672559867281302, 2061, 0.16488
0.030734053558080655, 1688, 0.13504
0.03928594214859383, 2121, 0.16968
0.05053589719961971, 2589, 0.20712
0.03355425628165804, 1905, 0.1524
0.053110730736137104, 2754, 0.22032
0.03263431005622296, 1829, 0.14632
0.043174794734382634, 2360, 0.1888
0.03424426530217499, 1930, 0.1544
0.045266040580009784, 2394, 0.19152
0.032080643993373806, 1799, 0.14392
0.04961869191152034, 2653, 0.21224
0.038590233969174104, 2039, 0.16312
0.04430920017684812, 2367, 0.18936
0.06751750194454177, 3281, 0.26248
0.05058710368571808, 2650, 0.212
0.022023967636003915, 1245, 0.0996
0.05464950821095594, 2911, 0.23288
0.04572588349269226, 2494, 0.19952
0.03373843116707223, 1833, 0.14664
0.04768204052830396, 2583, 0.20664
0.03181028571469158, 1758, 0.14064
0.049956550722374045, 2620, 0.2096
0.04631869696132324, 2445, 0.1956
0.020948170974541783, 1220, 0.0976
0.04858634079479303, 2503, 0.20024
0.04288269226312114, 2216, 0.17728
0.04521523726690578, 2484, 0.19872
0.04645342506625089, 2453, 0.19624
0.03709395377655913, 2086, 0.16688
0.0370060376662431, 1976, 0.15808
0.03463299913872019, 1938, 0.15504
0.04165376980551946, 2235, 0.1788
0.05269017506316374, 2746, 0.21968
0.0507343804925859, 2683, 0.21464
0.033047397846488524, 1785, 0.1428
0.036118306505653876, 1973, 0.15784
0.04218538261249371, 2302, 0.18416
0.026324448601089886, 1505, 0.1204
0.04887468380933507, 2594, 0.20752
0.05469818792033326, 2788, 0.22304
0.03447113981158933, 1873, 0.14984
0.03749913024385044, 2039, 0.16312
0.05638809753726477, 2949, 0.23592
0.04745665613016294, 2508, 0.20064
0.0431337071744943, 2433, 0.19464
0.03537611382322407, 1968, 0.15744
0.03775270464267488, 2072, 0.16576
0.0354953960130323, 1960, 0.1568
0.04234908782886343, 2312, 0.18496
0.045817902176889316, 2449, 0.19592
0.02446459304163495, 1402, 0.11216
0.039173028948529316, 2070, 0.1656
0.04469804330195936, 2311, 0.18488
0.038558769613286595, 2060, 0.1648
0.05094724201818601, 2720, 0.2176
0.023221140548310357, 1344, 0.10752
0.06344225218184463, 3162, 0.25296
0.03903320296500394, 2153, 0.17224
0.05497953235544724, 2778, 0.22224
0.05993982557787448, 3079, 0.24632
0.0527628270355371, 2740, 0.2192
0.052596924196905134, 2715, 0.2172
0.03335839059156036, 1748, 0.13984
0.039918883473433815, 2170, 0.1736
0.051969871437447, 2792, 0.22336
0.043507937082617784, 2405, 0.1924
0.04423721439951251, 2398, 0.19184
0.05021336443449283, 2609, 0.20872
0.040913775162720885, 2204, 0.17632
0.03678445771881817, 2062, 0.16496
0.05045283830001442, 2593, 0.20744
0.03493533709698383, 1840, 0.1472
0.03379630125101126, 1868, 0.14944
0.05368152759792459, 2849, 0.22792
0.03571056108737037, 2021, 0.16168
0.04373032086980363, 2284, 0.18272
0.04067056401230375, 2130, 0.1704
0.030848382968737004, 1640, 0.1312
0.055290451716525905, 2900, 0.232
0.04240763839694561, 2203, 0.17624
0.029427078917459926, 1635, 0.1308
0.04735545895021822, 2527, 0.20216
0.026613001231261334, 1524, 0.12192
0.029207234487585394, 1631, 0.13048
0.03496283288137683, 1971, 0.15768
0.03087072474231968, 1677, 0.13416
0.04777808062508362, 2509, 0.20072
0.04306373575945626, 2319, 0.18552
0.048203562935597535, 2573, 0.20584
0.03752875552840952, 2028, 0.16224
0.03154680058573806, 1848, 0.14784
0.03377220455705937, 1898, 0.15184
0.04411508068568487, 2311, 0.18488
0.030322290363109537, 1762, 0.14096
0.04689400464275921, 2548, 0.20384
0.04631564629210461, 2383, 0.19064
0.03559880435134176, 1905, 0.1524
0.02561149401424823, 1485, 0.1188
0.02677929448637889, 1564, 0.12512
0.040821068449234825, 2196, 0.17568
0.056385023969895885, 2934, 0.23472
0.053136687641585814, 2791, 0.22328
0.044058394616653555, 2366, 0.18928
0.03880291538995568, 2084, 0.16672
0.03442630021594466, 1906, 0.15248
0.04948590420886905, 2578, 0.20624
0.04865263636682363, 2587, 0.20696
0.06302486250301771, 3186, 0.25488
0.02255886175002813, 1319, 0.10552
0.0475239987580314, 2533, 0.20264
0.0419150615309466, 2378, 0.19024
0.03264258611131064, 1838, 0.14704
0.037091444777787266, 2003, 0.16024
0.04819715200472752, 2552, 0.20416
0.037233149178877704, 2012, 0.16096
0.050493026982167934, 2693, 0.21544
0.05370856387284691, 2766, 0.22128
0.04014854378578557, 2206, 0.17648
0.055955182780854894, 2878, 0.23024
0.03714973427925888, 2030, 0.1624
0.03347703353054142, 1855, 0.1484
0.04947953772785635, 2573, 0.20584
0.04469757591431417, 2310, 0.1848
0.028276987426237268, 1574, 0.12592
0.05011430180033885, 2613, 0.20904
0.0670872508533045, 3334, 0.26672
0.031234076439386377, 1791, 0.14328
0.049168297675735856, 2689, 0.21512
0.048249273013936465, 2543, 0.20344
0.05000214202786218, 2628, 0.21024
0.0600572274521905, 3183, 0.25464
0.03612334641842372, 1967, 0.15736
0.06469885903815402, 3253, 0.26024
0.04033083409554489, 2190, 0.1752
0.04248485291129104, 2341, 0.18728
0.03116906471393635, 1778, 0.14224
0.04012775588257303, 2208, 0.17664
0.03050165073290345, 1730, 0.1384
0.05937659319980777, 3025, 0.242
0.041557746001584725, 2275, 0.182
0.04801389776661708, 2554, 0.20432
0.04912820091349712, 2604, 0.20832
0.045228383574648895, 2425, 0.194
0.026755809165092438, 1467, 0.11736
0.032475710788564996, 1841, 0.14728
0.0559044455418279, 2862, 0.22896
0.030050099227224857, 1635, 0.1308
0.037470172446647146, 2056, 0.16448
0.04218405735936605, 2366, 0.18928
0.035622911262087754, 1998, 0.15984
0.0500509956088448, 2618, 0.20944
0.03674132101448211, 2080, 0.1664
0.03702919114109182, 1987, 0.15896
0.0453229415320045, 2479, 0.19832
0.03017964990615894, 1713, 0.13704
0.05935862381924077, 3029, 0.24232
0.04264152927436036, 2289, 0.18312
0.04564652743278891, 2462, 0.19696
0.0519520720547957, 2664, 0.21312
0.04494746575102843, 2358, 0.18864
0.039559004223536594, 2149, 0.17192
0.03469590901719197, 1967, 0.15736
0.0413490909105506, 2219, 0.17752
0.03683621388914742, 2027, 0.16216
0.02845360322783004, 1614, 0.12912
0.03398773470240246, 1892, 0.15136
0.036144161362778704, 2054, 0.16432
0.040790987118902326, 2167, 0.17336
0.053642576230486225, 2780, 0.2224
0.0463579506750454, 2491, 0.19928
0.03812277060025323, 2060, 0.1648
0.02526719950175392, 1442, 0.11536
0.029902991453553074, 1667, 0.13336
0.057705026005025035, 2943, 0.23544
0.03799895834290793, 2071, 0.16568
0.043881654262182296, 2364, 0.18912
0.03673804312568865, 1961, 0.15688
0.04292673108181824, 2296, 0.18368
0.055913858916278585, 2902, 0.23216
0.0473380365520081, 2483, 0.19864
0.03815178109834094, 1980, 0.1584
0.042526281098315896, 2228, 0.17824
0.04257732124570685, 2229, 0.17832
0.03066418333942617, 1745, 0.1396
0.05390965462743847, 2817, 0.22536
0.039242160454039984, 2181, 0.17448
0.013770562945542622, 835, 0.0668
0.04223076840646169, 2319, 0.18552
0.04884054909068223, 2610, 0.2088
0.026894501459039405, 1571, 0.12568
0.035095956743562334, 1981, 0.15848
0.04393559251795598, 2390, 0.1912
0.03823194335414097, 2121, 0.16968
0.04046181419409906, 2225, 0.178
0.0376303852516745, 2061, 0.16488
0.040361742009906366, 2216, 0.17728
0.024405247834723552, 1380, 0.1104
0.04636328008466626, 2465, 0.1972
0.03929037439483568, 2141, 0.17128
0.04110006154128678, 2291, 0.18328
0.037365283479616804, 2018, 0.16144
0.04373777828122633, 2348, 0.18784
0.04320506951009919, 2282, 0.18256
0.04271304268912239, 2238, 0.17904
0.04262094795519284, 2267, 0.18136
0.04250757952567454, 2247, 0.17976
0.027340361907282396, 1486, 0.11888
0.028465152362240023, 1566, 0.12528
0.06810734167158325, 3439, 0.27512
0.055926913540169106, 2897, 0.23176
0.029944180529196104, 1648, 0.13184
0.03948430427392567, 2165, 0.1732
0.03976476769578876, 2116, 0.16928
0.03958856354029267, 2166, 0.17328
0.03776041530489484, 2157, 0.17256
0.05104385104471906, 2664, 0.21312
0.03908752499432882, 2056, 0.16448
0.03240988180767539, 1850, 0.148
0.04679149695549083, 2458, 0.19664
0.03529041054374308, 2001, 0.16008
0.026220784772923122, 1487, 0.11896
0.049320669535995856, 2553, 0.20424
0.04796250084463679, 2564, 0.20512
0.05138541359292761, 2719, 0.21752
0.04423360325310877, 2387, 0.19096
0.02173945041166231, 1226, 0.09808
0.04736064197858264, 2571, 0.20568
0.039702863779676745, 2143, 0.17144
0.052617472378299085, 2768, 0.22144
0.048131255719319505, 2563, 0.20504
0.03774991929673837, 2116, 0.16928
0.04653646390314792, 2476, 0.19808
0.034952816721736335, 1860, 0.1488
0.03294911268754251, 1765, 0.1412
0.01573028959647564, 912, 0.07296
0.05453778463713735, 2904, 0.23232
0.03773408424367033, 2039, 0.16312
0.047461262414041284, 2537, 0.20296
0.03713314146210051, 2058, 0.16464
0.047654749778832016, 2539, 0.20312
0.03801205134903894, 2074, 0.16592
0.0452461510018161, 2389, 0.19112
0.03978341552891191, 2125, 0.17
0.03530034998513479, 1935, 0.1548
0.040360494600297746, 2187, 0.17496
0.04893673731070238, 2583, 0.20664
0.03710927327069814, 2076, 0.16608
0.03264643087300683, 1756, 0.14048
0.03418439379246289, 1818, 0.14544
0.05137054469162545, 2716, 0.21728
0.053067959305772565, 2773, 0.22184
0.0360875660571857, 1958, 0.15664
0.04773356600862553, 2535, 0.2028
0.04267887819007199, 2360, 0.1888
0.04872289558514121, 2488, 0.19904
0.050136660890411994, 2733, 0.21864
0.0522009856022139, 2683, 0.21464
0.042381035915456, 2217, 0.17736
0.04188231168830206, 2246, 0.17968
0.053273620962546134, 2846, 0.22768
0.03365914837657504, 1858, 0.14864
0.03947366154748011, 2177, 0.17416
0.03846398818867943, 2158, 0.17264
0.05281617153618333, 2741, 0.21928
0.025365318196746835, 1460, 0.1168
0.038215101794635, 2124, 0.16992
0.05425969705054297, 2888, 0.23104
0.023897132916961723, 1326, 0.10608
0.02874750560414313, 1580, 0.1264
0.05761272489551218, 3012, 0.24096
0.02106987201791378, 1238, 0.09904
0.042662424817124574, 2238, 0.17904
0.015819469521081538, 902, 0.07216
0.03731509723422068, 2032, 0.16256
0.04047350557804027, 2197, 0.17576
0.03886289719650792, 2104, 0.16832
0.044784056175981794, 2371, 0.18968
0.06376553920266144, 3209, 0.25672
0.03208481886839386, 1781, 0.14248
0.04599864957957449, 2500, 0.2
0.04558476021960707, 2451, 0.19608
0.039481449904414295, 2100, 0.168
0.041955348301108725, 2256, 0.18048
0.033699628023503944, 1823, 0.14584
0.025345049911954035, 1404, 0.11232
0.035005347432457916, 1896, 0.15168
0.028819371684722674, 1620, 0.1296
0.04510532530910401, 2416, 0.19328
0.03611567712279318, 1970, 0.1576
0.03922745611312253, 2092, 0.16736
0.03870288484914193, 2104, 0.16832
0.040601211024482046, 2179, 0.17432
0.05308582461748232, 2824, 0.22592
0.054600494625936684, 2827, 0.22616
0.04616974109745811, 2473, 0.19784
0.05620226302584949, 2893, 0.23144
0.03472381376470525, 1954, 0.15632
0.041148411626520394, 2242, 0.17936
0.022843392400412586, 1306, 0.10448
0.034767591567997067, 1856, 0.14848
0.039714666084790906, 2138, 0.17104
0.04427515661200845, 2364, 0.18912
0.053366319039412365, 2800, 0.224
0.043706831221852045, 2446, 0.19568
0.03251366746956472, 1811, 0.14488
0.04878700529015241, 2603, 0.20824
0.035103177142801326, 1875, 0.15
0.03471257630949335, 1826, 0.14608
0.032854758815855326, 1831, 0.14648
0.037345288324627204, 1963, 0.15704
0.059133601204850395, 3049, 0.24392
0.039335406127945796, 2153, 0.17224
0.03548445178504207, 1872, 0.14976
0.030563327353908834, 1694, 0.13552
0.05967902007975113, 3050, 0.244
0.044793516037056814, 2365, 0.1892
0.035553159490312326, 1999, 0.15992
0.0450146368073671, 2436, 0.19488
0.03819034730698416, 2058, 0.16464
0.03102262072567355, 1730, 0.1384
0.05137415491233492, 2670, 0.2136
0.056135516383752415, 2942, 0.23536
0.03295118464325553, 1719, 0.13752
0.049336248662024455, 2500, 0.2
0.022205705046220076, 1262, 0.10096
0.04092919352618972, 2224, 0.17792
0.04194357827496079, 2285, 0.1828
0.03668713681474659, 2012, 0.16096
0.04605261047176315, 2356, 0.18848
0.030990200140363473, 1645, 0.1316
0.03088547723188926, 1738, 0.13904
0.03722724834139625, 2085, 0.1668
0.05687054158853702, 2929, 0.23432
0.024918293575070874, 1422, 0.11376
0.04269996403630122, 2314, 0.18512
0.047004597860040104, 2468, 0.19744
0.04226170062261918, 2260, 0.1808
0.03723834957749433, 2111, 0.16888
0.053545921213543374, 2805, 0.2244
0.048705308993169646, 2534, 0.20272
0.0425796460024422, 2249, 0.17992
0.039492483517133255, 2129, 0.17032
0.0414321300901569, 2258, 0.18064
0.03794972417488734, 2069, 0.16552
0.05403756196622689, 2776, 0.22208
0.05569658183022351, 2905, 0.2324
0.05475821416496644, 2821, 0.22568
0.03855638193957238, 2054, 0.16432
0.04194266917759425, 2302, 0.18416
0.05710872524144191, 2970, 0.2376
0.0459368257139223, 2464, 0.19712
0.02957054414395091, 1647, 0.13176
0.033904544571510875, 1872, 0.14976
0.06705096730671047, 3212, 0.25696
0.02943433003470524, 1654, 0.13232
0.0390134770756884, 2012, 0.16096
0.05394116614598294, 2691, 0.21528
0.04742627399738644, 2579, 0.20632
0.04199834469399108, 2249, 0.17992
0.04115459570207847, 2202, 0.17616
0.030894645718092778, 1722, 0.13776
0.036605174713275394, 1989, 0.15912
0.055852153012668555, 2874, 0.22992
0.04766140276146164, 2481, 0.19848
0.037339712573984954, 2037, 0.16296
0.04823430019602222, 2486, 0.19888
0.040677801223330035, 2183, 0.17464
0.0407977156073983, 2150, 0.172
0.05209590444907107, 2710, 0.2168
0.042712710888676564, 2359, 0.18872
0.045026779860456494, 2391, 0.19128
0.04375672217738956, 2390, 0.1912
0.04356265586415067, 2274, 0.18192
0.05823350333016142, 2999, 0.23992
0.03588437047533832, 1943, 0.15544
0.03713081004070281, 2016, 0.16128
0.03916973539454065, 2076, 0.16608
0.03469532461105771, 1979, 0.15832
0.025799326201112752, 1492, 0.11936
0.047721390387770235, 2549, 0.20392
0.05065009145232942, 2676, 0.21408
0.03720710977245442, 1977, 0.15816
0.023867061692807754, 1327, 0.10616
0.04013208139857103, 2144, 0.17152
0.026949268135352224, 1480, 0.1184
0.0365705342553742, 1999, 0.15992
0.030594220933949458, 1694, 0.13552
0.04862253011180712, 2666, 0.21328
0.04126869479291669, 2258, 0.18064
0.04097227303180146, 2249, 0.17992
0.03991237250710126, 2145, 0.1716
0.023004089977561617, 1343, 0.10744
0.030133587423336577, 1670, 0.1336
0.05998650099635355, 3098, 0.24784
0.04120860825030511, 2213, 0.17704
0.04159033909916653, 2228, 0.17824
0.03477861481297387, 1951, 0.15608
0.04122817176759248, 2251, 0.18008
0.03877269029516198, 2130, 0.1704
0.05997551401302054, 3127, 0.25016
0.035241808216417925, 1949, 0.15592
0.028274483181198684, 1627, 0.13016
0.03266399702410157, 1806, 0.14448
0.031489023892749886, 1730, 0.1384
0.045890516891395554, 2443, 0.19544
0.027261883953631664, 1585, 0.1268
0.04362886192298609, 2387, 0.19096
0.04168894869825253, 2184, 0.17472
0.045248313703183336, 2421, 0.19368
0.035599637483054565, 1958, 0.15664
0.04662575066212029, 2532, 0.20256
0.036334924302422876, 1989, 0.15912
0.056472898055615485, 2967, 0.23736
0.039043543148226056, 2124, 0.16992
0.036803423540974066, 2012, 0.16096
0.050033017620114695, 2633, 0.21064
0.04983791864833762, 2617, 0.20936
0.040612424098846245, 2216, 0.17728
0.049782535032614345, 2602, 0.20816
0.03290587639134522, 1827, 0.14616
0.04982366356375366, 2574, 0.20592
0.047144448117705, 2556, 0.20448
0.058781373696091994, 2975, 0.238
0.053804691408864645, 2823, 0.22584
0.04635607024848954, 2466, 0.19728
0.04315276712581312, 2346, 0.18768
0.05754091285739931, 2970, 0.2376
0.05532801777712256, 2778, 0.22224
0.03560655724852076, 1929, 0.15432
0.040290115520649414, 2289, 0.18312
0.030697010735377138, 1727, 0.13816
0.0473983479853802, 2555, 0.2044
0.055517986839222835, 2820, 0.2256
0.0454312160207487, 2377, 0.19016
0.049025720239679986, 2565, 0.2052
0.05333737331927979, 2847, 0.22776
0.050349661128674075, 2689, 0.21512
0.04057290508715424, 2197, 0.17576
0.041741777995546736, 2202, 0.17616
0.038339399325337496, 2125, 0.17
0.03448621363270542, 1926, 0.15408
0.04600942474549774, 2358, 0.18864
0.043470263085756404, 2342, 0.18736
0.026486686004675478, 1534, 0.12272
0.036280853378662103, 1896, 0.15168
0.05786024722644679, 2937, 0.23496
0.04010839980258578, 2143, 0.17144
0.03873537272680377, 2090, 0.1672
0.05148919377316633, 2750, 0.22
0.04609753670074755, 2369, 0.18952
0.03456088770070612, 1859, 0.14872
0.036666789332389225, 1982, 0.15856
0.04975158632841949, 2640, 0.2112
0.03390535164723567, 1849, 0.14792
0.04721144216901903, 2458, 0.19664
0.03980554042309922, 2175, 0.174
0.04025961323805812, 2203, 0.17624
0.04295429101700481, 2331, 0.18648
0.04122833589013325, 2226, 0.17808
0.051324528907222125, 2663, 0.21304
0.055612496961306976, 2853, 0.22824
0.024077202609870164, 1376, 0.11008
0.050284276534143676, 2622, 0.20976
0.036947016740279205, 2023, 0.16184
0.04978312588752001, 2653, 0.21224
0.049026682102600264, 2563, 0.20504
0.057139394369308504, 2912, 0.23296
0.03503136134574366, 1916, 0.15328
0.03718008335748474, 1988, 0.15904
0.05463339297126206, 2854, 0.22832
0.04610005701482229, 2412, 0.19296
0.02713178406691078, 1558, 0.12464
0.04677160002550226, 2391, 0.19128
0.034178569188376876, 1872, 0.14976
0.0430052211381906, 2311, 0.18488
0.03295205655298319, 1848, 0.14784
0.03544101358779476, 1978, 0.15824
0.029493027938539283, 1577, 0.12616
0.037304173313833976, 2030, 0.1624
0.03861778935047292, 2043, 0.16344
0.05303307132758493, 2766, 0.22128
0.04161173813659396, 2173, 0.17384
0.03908887181355272, 2089, 0.16712
0.027602041334929734, 1584, 0.12672
0.042508201516479355, 2324, 0.18592
0.047670196619981516, 2479, 0.19832
0.036810493685990514, 1964, 0.15712
0.04401602104506342, 2403, 0.19224
0.02203424938307595, 1223, 0.09784
0.0417822879385713, 2299, 0.18392
0.038984587135867416, 2101, 0.16808
0.03066318043802127, 1716, 0.13728
0.04840503365709861, 2572, 0.20576
0.03816898264207354, 2103, 0.16824
0.04994833383928478, 2629, 0.21032
0.041382076527120205, 2214, 0.17712
0.03236873827636743, 1795, 0.1436
0.047830373106396755, 2550, 0.204
0.04566806599431038, 2378, 0.19024
0.04078593886935997, 2276, 0.18208
0.04790503049781471, 2554, 0.20432
0.038535278849954994, 2137, 0.17096
0.03589172132470408, 1942, 0.15536
0.036011718981266365, 1946, 0.15568
0.03961760487581083, 2098, 0.16784
0.054838510864148066, 2775, 0.222
0.04337899006081225, 2349, 0.18792
0.048044591913021885, 2660, 0.2128
0.03721229578606699, 2033, 0.16264
0.030589685914305234, 1663, 0.13304
0.04945472316587334, 2619, 0.20952
0.04096759906394375, 2164, 0.17312
0.05526858506739761, 2848, 0.22784
0.05510986477717561, 2873, 0.22984
0.05485876354724604, 2892, 0.23136
0.03242695056910128, 1791, 0.14328
0.01909083550638666, 1182, 0.09456
0.05850124321746953, 2967, 0.23736
0.024848641768785845, 1387, 0.11096
0.04063987141652541, 2205, 0.1764
0.05706939921643841, 2970, 0.2376
0.04924768713475174, 2467, 0.19736
0.044556262910148296, 2351, 0.18808
0.043945576018814124, 2304, 0.18432
0.03363441646232341, 1779, 0.14232
0.03715230411853324, 1985, 0.1588
0.01880710541698154, 1138, 0.09104
0.04449903865741859, 2306, 0.18448
0.02972576029170038, 1708, 0.13664
0.03804955881857656, 2135, 0.1708
0.029048099774971147, 1519, 0.12152
0.05186845795746091, 2680, 0.2144
0.05770260511473723, 2920, 0.2336
0.05530723185929498, 2830, 0.2264
0.037483547263635474, 2067, 0.16536
0.051053984652501626, 2661, 0.21288
0.0498233745145417, 2666, 0.21328
0.056078552236348896, 2949, 0.23592
0.05192559895744763, 2741, 0.21928
0.0474492654263524, 2506, 0.20048
0.03405344814040618, 1841, 0.14728
0.03862004604666371, 2114, 0.16912
0.04785358736468473, 2454, 0.19632
0.043680152861073504, 2342, 0.18736
0.06598652522851492, 3340, 0.2672
0.03787288721441738, 2093, 0.16744
0.03045370962486856, 1744, 0.13952
0.03825211127020591, 2077, 0.16616
0.05431173253083671, 2851, 0.22808
0.042824658827010816, 2255, 0.1804
0.03966517352044385, 2141, 0.17128
0.04614233485843574, 2490, 0.1992
0.041394357446833584, 2245, 0.1796
0.04293498018593607, 2172, 0.17376
0.02495397256745059, 1427, 0.11416
0.03628511483028678, 1996, 0.15968
0.039104989946691454, 2042, 0.16336
0.053768239371115516, 2880, 0.2304
0.0478744203553669, 2591, 0.20728
0.03672393955626905, 2010, 0.1608
0.03472886716667537, 1887, 0.15096
0.04071586004227339, 2172, 0.17376
0.04476288511136336, 2373, 0.18984
0.02765293786827562, 1538, 0.12304
0.040591164256758856, 2146, 0.17168
0.01971695005406304, 1128, 0.09024
0.03513277061657927, 1938, 0.15504
0.03774017733503626, 2094, 0.16752
0.04886505377127405, 2585, 0.2068
0.0470876594703825, 2530, 0.2024
0.053102640789710394, 2750, 0.22
0.033746666893192806, 1921, 0.15368
0.03934390522019421, 2189, 0.17512
0.036366219739470185, 1960, 0.1568
0.0424946119896242, 2314, 0.18512
0.03711780093002342, 1939, 0.15512
0.05509523458235721, 2957, 0.23656
0.036654412242251334, 2019, 0.16152
0.04141867310164066, 2195, 0.1756
0.03873789574704143, 2157, 0.17256
0.04551873916320018, 2474, 0.19792
0.05088123399408702, 2693, 0.21544
0.04603044812269716, 2485, 0.1988
0.030666241604861148, 1716, 0.13728
0.040171610758257884, 2205, 0.1764
0.03293787944679328, 1750, 0.14
0.03778172149038483, 2038, 0.16304
0.034892942168027186, 1939, 0.15512
0.053508916207317056, 2836, 0.22688
0.039797096650691005, 2160, 0.1728
0.05748699298851899, 2983, 0.23864
0.03716584194421354, 2009, 0.16072
0.022395586548104317, 1284, 0.10272
0.026413217862758933, 1480, 0.1184
0.05481854410824079, 2815, 0.2252
0.03507262207701697, 1924, 0.15392
0.05431249874317488, 2836, 0.22688
0.04284909161575122, 2401, 0.19208
0.06730290420907896, 3286, 0.26288
0.02877589580212087, 1637, 0.13096
0.056846125411276864, 2947, 0.23576
0.051340966966975654, 2673, 0.21384
0.0537517234845952, 2814, 0.22512
0.031357516163585106, 1700, 0.136
0.03358751722153014, 1849, 0.14792
0.05775326919957486, 2887, 0.23096
0.043121266165047675, 2289, 0.18312
0.031111148476701378, 1753, 0.14024
0.025646141197494244, 1527, 0.12216
0.046778837864616056, 2493, 0.19944
0.03233688193305955, 1801, 0.14408
0.05759767045811521, 2928, 0.23424
0.03995624421437734, 2124, 0.16992
0.036583350818785325, 1961, 0.15688
0.059792441197648656, 3058, 0.24464
0.046399300802372756, 2410, 0.1928
0.037220579582261555, 2012, 0.16096
0.031029165520406785, 1806, 0.14448
0.043584260080578384, 2334, 0.18672
0.04758333236992526, 2604, 0.20832
0.03503170973321707, 1944, 0.15552
0.036474237610825154, 1969, 0.15752
0.0314619906219925, 1745, 0.1396
0.031167472228628586, 1743, 0.13944
0.047609228209054985, 2523, 0.20184
0.05048957412044034, 2633, 0.21064
0.036369917726416165, 2008, 0.16064
0.04394707927793906, 2333, 0.18664
0.039364421796190464, 2168, 0.17344
0.04237500414189245, 2282, 0.18256
0.0433158621177108, 2257, 0.18056
0.0467012639422957, 2466, 0.19728
0.049707255601108634, 2627, 0.21016
0.04095439963630368, 2156, 0.17248
0.043150928986365765, 2268, 0.18144
0.03302756880723474, 1907, 0.15256
0.03732674659930513, 2042, 0.16336
0.05399517338170009, 2825, 0.226
0.05081685455644746, 2661, 0.21288
0.0344888889843336, 1949, 0.15592
0.019407600019843405, 1141, 0.09128
0.046990562092708216, 2427, 0.19416
0.05965714260034616, 3079, 0.24632
0.040425054806236815, 2229, 0.17832
0.04256597571909375, 2298, 0.18384
0.053008014458380284, 2767, 0.22136
0.028741001330100695, 1642, 0.13136
0.04298193072584433, 2294, 0.18352
0.04686113987348451, 2500, 0.2
0.03771845320931658, 2028, 0.16224
0.05076825362643008, 2577, 0.20616
0.04489468306035465, 2374, 0.18992
0.035529396493046345, 1972, 0.15776
0.047149607432539715, 2430, 0.1944
0.043985301074704865, 2363, 0.18904
0.051974158283365504, 2628, 0.21024
0.032685289595347264, 1776, 0.14208
0.04641319324653928, 2452, 0.19616
0.03762650230552745, 2056, 0.16448
0.04873596951312469, 2561, 0.20488
0.05727407675844552, 2918, 0.23344
0.045094212003337644, 2395, 0.1916
0.036850405408095754, 1993, 0.15944
0.05691270045748415, 2987, 0.23896
0.03428676486449959, 1885, 0.1508
0.02553040501158853, 1433, 0.11464
0.03394948182754281, 1880, 0.1504
0.03482189963949453, 1922, 0.15376
0.06397288181782473, 3162, 0.25296
0.02728874726658079, 1602, 0.12816
0.05359003367028861, 2700, 0.216
0.04258936888712518, 2329, 0.18632
0.04042157917453789, 2208, 0.17664
0.04369374222828843, 2323, 0.18584
0.04782795145619061, 2566, 0.20528
0.04977011488397391, 2651, 0.21208
0.04718655360358107, 2488, 0.19904
0.05135214160416651, 2687, 0.21496
0.040658037314681005, 2160, 0.1728
0.05910836924228098, 3047, 0.24376
0.031212521775663492, 1733, 0.13864
0.020933250015132018, 1249, 0.09992
0.0303619330365918, 1672, 0.13376
0.045104690699362245, 2372, 0.18976
0.04057826902426555, 2261, 0.18088
0.037014888031043414, 1947, 0.15576
0.04724265162138393, 2442, 0.19536
0.03743043199058122, 2073, 0.16584
0.033389051623226244, 1781, 0.14248
