Time to failure, Number of defective sites, Fraction of defect
0.043514909293825815, 2535, 0.2028
0.03998563879536968, 2278, 0.18224
0.031343715775015754, 1901, 0.15208
0.04078635396037738, 2413, 0.19304
0.05201074699540237, 2966, 0.23728
0.03991955625603726, 2377, 0.19016
0.04149235845823785, 2443, 0.19544
0.044357065152843295, 2551, 0.20408
0.032134469218560086, 1912, 0.15296
0.042157146033087727, 2493, 0.19944
0.02947348977704315, 1845, 0.1476
0.04625909987841922, 2641, 0.21128
0.0617871955281468, 3309, 0.26472
0.03794847435254651, 2239, 0.17912
0.04078680918869789, 2322, 0.18576
0.038810925044778, 2343, 0.18744
0.036125159851287454, 2152, 0.17216
0.06249913966473935, 3392, 0.27136
0.042506511705344786, 2551, 0.20408
0.049961664962867615, 2817, 0.22536
0.045315998733209566, 2667, 0.21336
0.04690366301330716, 2719, 0.21752
0.039563184625035636, 2348, 0.18784
0.04328809176004275, 2504, 0.20032
0.04377617097819346, 2515, 0.2012
0.04457857212442842, 2552, 0.20416
0.05333543435393225, 3015, 0.2412
0.04085130069111047, 2463, 0.19704
0.03998480805782381, 2294, 0.18352
0.04514334762719656, 2642, 0.21136
0.05277542293652519, 2941, 0.23528
0.04861408185108922, 2827, 0.22616
0.05803069597243688, 3269, 0.26152
0.03545358806680978, 2089, 0.16712
0.045112488344426625, 2609, 0.20872
0.040270250043052604, 2368, 0.18944
0.037984886869176164, 2206, 0.17648
0.03935881062395582, 2366, 0.18928
0.03861868146301288, 2349, 0.18792
0.023644204596926646, 1518, 0.12144
0.0464070120586789, 2559, 0.20472
0.03491971239496713, 2051, 0.16408
0.04311311526119899, 2497, 0.19976
0.026658560207175407, 1722, 0.13776
0.052335866548834806, 2949, 0.23592
0.03540686543529661, 2114, 0.16912
0.029218871331739723, 1816, 0.14528
0.0381865791510346, 2260, 0.1808
0.03114357269644479, 1858, 0.14864
0.028208333663963144, 1714, 0.13712
0.02971022267335925, 1761, 0.14088
0.05030457627658433, 2935, 0.2348
0.03984348468285442, 2332, 0.18656
0.04006389231967587, 2338, 0.18704
0.03549914076771653, 2157, 0.17256
0.04383808952203749, 2590, 0.2072
0.04201884927656812, 2479, 0.19832
0.05050662916849358, 2937, 0.23496
0.04027224201382307, 2418, 0.19344
0.03502577434331236, 2070, 0.1656
0.05464193232629422, 3105, 0.2484
0.056505009727940245, 3142, 0.25136
0.03391324849635113, 2048, 0.16384
0.0500156547406966, 2935, 0.2348
0.05089911248276099, 2901, 0.23208
0.033276495736572355, 2025, 0.162
0.038593702281405906, 2308, 0.18464
0.04692403542328746, 2661, 0.21288
0.03398672087926777, 2083, 0.16664
0.0595915641786275, 3260, 0.2608
0.02645380732290113, 1635, 0.1308
0.039470647934233605, 2330, 0.1864
0.04669813883304695, 2632, 0.21056
0.04638574596534506, 2671, 0.21368
0.05204241684192625, 2927, 0.23416
0.04750996343112908, 2724, 0.21792
0.050991148874090966, 2858, 0.22864
0.03625479981038714, 2179, 0.17432
0.03066293390989288, 1843, 0.14744
0.042269062451695, 2411, 0.19288
0.029128349257757716, 1799, 0.14392
0.03771606017673751, 2209, 0.17672
0.04168736892082523, 2462, 0.19696
0.018873462417098783, 1184, 0.09472
0.03827977308525586, 2250, 0.18
0.04602078505369797, 2641, 0.21128
0.05068342563014562, 2922, 0.23376
0.0487346650585382, 2821, 0.22568
0.03513353889566034, 2107, 0.16856
0.049251897157636344, 2818, 0.22544
0.03649865836713011, 2185, 0.1748
0.03489007942321885, 2119, 0.16952
0.03856667227602613, 2332, 0.18656
0.035361559301530496, 2027, 0.16216
0.03117855247107781, 1954, 0.15632
0.04510021504670105, 2595, 0.2076
0.03107933099783283, 1880, 0.1504
0.04767143276676801, 2743, 0.21944
0.05610459160514058, 3071, 0.24568
0.03451959657593972, 2061, 0.16488
0.027572366466741254, 1703, 0.13624
0.024555136130772627, 1583, 0.12664
0.037215928490048185, 2227, 0.17816
0.05121723439472747, 2916, 0.23328
0.03250350193727187, 1959, 0.15672
0.03046015770838167, 1860, 0.1488
0.04283741067179934, 2523, 0.20184
0.020336629639668063, 1299, 0.10392
0.06353554774587383, 3361, 0.26888
0.03726953219406526, 2206, 0.17648
0.04892361357158631, 2839, 0.22712
0.04506713204916548, 2543, 0.20344
0.029586765487072914, 1778, 0.14224
0.05147815358083387, 2879, 0.23032
0.02616981149068173, 1635, 0.1308
0.0614406241091097, 3275, 0.262
0.0358608522459911, 2209, 0.17672
0.04091072710460101, 2463, 0.19704
0.062383932295064504, 3443, 0.27544
0.05646621134442762, 3193, 0.25544
0.05300194540178809, 2955, 0.2364
0.04749360742228719, 2759, 0.22072
0.032635380822557875, 1947, 0.15576
0.033113527165662376, 2022, 0.16176
0.044258273073075075, 2530, 0.2024
0.04594326155188324, 2693, 0.21544
0.03446358941143278, 2109, 0.16872
0.030199479120346272, 1874, 0.14992
0.0474382623258369, 2782, 0.22256
0.04216477200228809, 2394, 0.19152
0.03224437614110108, 1991, 0.15928
0.02277189562856561, 1474, 0.11792
0.04097444510376601, 2429, 0.19432
0.04510796096144997, 2620, 0.2096
0.04175510330025033, 2414, 0.19312
0.03924831980723368, 2350, 0.188
0.024282668233583934, 1578, 0.12624
0.046850872366986686, 2651, 0.21208
0.03395073027628903, 2012, 0.16096
0.051978250436552444, 2802, 0.22416
0.04099887692820286, 2453, 0.19624
0.04653205472974879, 2721, 0.21768
0.03424182752966863, 2042, 0.16336
0.031810128274204846, 1897, 0.15176
0.03772869575224773, 2211, 0.17688
0.03436676448307873, 2075, 0.166
0.037475959192456505, 2243, 0.17944
0.04168901900161577, 2433, 0.19464
0.0366933391272843, 2142, 0.17136
0.03775690587193768, 2239, 0.17912
0.05150547136361812, 2936, 0.23488
0.04442723092016754, 2615, 0.2092
0.04039531075767529, 2439, 0.19512
0.03856929433015681, 2363, 0.18904
0.04672406366214717, 2664, 0.21312
0.03151133817020605, 1917, 0.15336
0.0515943396206948, 2923, 0.23384
0.038853945525908526, 2325, 0.186
0.051931915261736954, 2944, 0.23552
0.03795430439518773, 2312, 0.18496
0.027736032524979925, 1666, 0.13328
0.035256839089728785, 2116, 0.16928
0.05137402479886738, 2908, 0.23264
0.06822399343841426, 3638, 0.29104
0.02299612903846931, 1413, 0.11304
0.045573169920957605, 2658, 0.21264
0.04569977093799672, 2608, 0.20864
0.04427552499550795, 2565, 0.2052
0.02397302966183909, 1470, 0.1176
0.0232442981271275, 1475, 0.118
0.024854709667907756, 1598, 0.12784
0.03772558284820495, 2114, 0.16912
0.0529528803197944, 3033, 0.24264
0.06240410635689623, 3436, 0.27488
0.05081197018431837, 2844, 0.22752
0.04488842438025716, 2536, 0.20288
0.052405907897524466, 2986, 0.23888
0.033447466218875954, 1987, 0.15896
0.040820259716127495, 2387, 0.19096
0.04319008799601798, 2518, 0.20144
0.019779807497678617, 1278, 0.10224
0.04707244630793798, 2731, 0.21848
0.037849444094948365, 2220, 0.1776
0.047662773977108254, 2698, 0.21584
0.03021689396555865, 1846, 0.14768
0.04822707525116548, 2771, 0.22168
0.036867278092423135, 2184, 0.17472
0.040341863002203215, 2394, 0.19152
0.04866949541251738, 2726, 0.21808
0.03715803209648078, 2215, 0.1772
0.04725983095086205, 2637, 0.21096
0.032097436442106664, 1870, 0.1496
0.036163160223019, 2134, 0.17072
0.031981052087303924, 1932, 0.15456
0.039621449152758156, 2370, 0.1896
0.05116556098911629, 2978, 0.23824
0.03393584302929374, 2079, 0.16632
0.04124337790319345, 2368, 0.18944
0.03467431259344384, 2072, 0.16576
0.05025330877832972, 2857, 0.22856
0.04314133988763919, 2558, 0.20464
0.026708012775844978, 1689, 0.13512
0.03436320810505664, 2074, 0.16592
0.04381485284991474, 2541, 0.20328
0.031218674664662747, 1932, 0.15456
0.04274428460585772, 2438, 0.19504
0.03212054819084407, 1934, 0.15472
0.05036847056095831, 2808, 0.22464
0.03773211738839458, 2256, 0.18048
0.04302484074190188, 2458, 0.19664
0.050120427501030226, 2852, 0.22816
0.06503518156968331, 3434, 0.27472
0.04331366909289411, 2515, 0.2012
0.026910097242866148, 1719, 0.13752
0.04315763264884648, 2525, 0.202
0.021005723819654404, 1330, 0.1064
0.040029755013121705, 2311, 0.18488
0.04245100747831643, 2487, 0.19896
0.03388831369193018, 1998, 0.15984
0.04388318579638214, 2545, 0.2036
0.039271507110354015, 2262, 0.18096
0.03297532680606504, 2047, 0.16376
0.03157052726456927, 1958, 0.15664
0.03146318321249679, 1924, 0.15392
0.03436366113557788, 2058, 0.16464
0.038698302660211174, 2313, 0.18504
0.030263126027105635, 1848, 0.14784
0.05558824950767676, 3061, 0.24488
0.021986646729328832, 1381, 0.11048
0.022614688458891332, 1376, 0.11008
0.023729090786777603, 1470, 0.1176
0.04281848225357143, 2470, 0.1976
0.038429346009131636, 2255, 0.1804
0.05090301214969126, 2923, 0.23384
0.040628045434242685, 2356, 0.18848
0.040305187407265325, 2381, 0.19048
0.04803507122419266, 2699, 0.21592
0.045056343500842935, 2630, 0.2104
0.029694654503466453, 1845, 0.1476
0.027843155635827573, 1760, 0.1408
0.044348613273177726, 2495, 0.1996
0.04566689547607146, 2730, 0.2184
0.03726817806571735, 2253, 0.18024
0.05013722952455204, 2834, 0.22672
0.03004962209679636, 1811, 0.14488
0.046365876655706496, 2616, 0.20928
0.037576000645540966, 2185, 0.1748
0.026732755904246674, 1683, 0.13464
0.03584546418277807, 2105, 0.1684
0.04126366786396666, 2327, 0.18616
0.05952167880571635, 3309, 0.26472
0.04054477555657425, 2347, 0.18776
0.04736004357605054, 2660, 0.2128
0.04448681031103755, 2569, 0.20552
0.020874727022473543, 1332, 0.10656
0.047072839049573885, 2770, 0.2216
0.03939890622243929, 2314, 0.18512
0.04887233263571311, 2857, 0.22856
0.036728435136670894, 2254, 0.18032
0.031293556473367845, 1895, 0.1516
0.04730730295422756, 2726, 0.21808
0.044082388190603616, 2604, 0.20832
0.03779718668246456, 2268, 0.18144
0.02964575841760034, 1762, 0.14096
0.026700243448017556, 1651, 0.13208
0.054877568311246294, 3026, 0.24208
0.04225106784437944, 2522, 0.20176
0.044571277309022224, 2619, 0.20952
0.044091514919410116, 2594, 0.20752
0.045332649799697845, 2645, 0.2116
0.05217118025564477, 2955, 0.2364
0.05610945673435541, 3110, 0.2488
0.05096117823720331, 2929, 0.23432
0.021083504441854833, 1367, 0.10936
0.027967705958908576, 1641, 0.13128
0.025558766650509046, 1597, 0.12776
0.027054736956738098, 1657, 0.13256
0.021344316064516446, 1432, 0.11456
0.035162461849563204, 2051, 0.16408
0.04331879181780991, 2521, 0.20168
0.03949523757647664, 2344, 0.18752
0.04914371441322173, 2700, 0.216
0.03683004476561579, 2102, 0.16816
0.04065700658435668, 2316, 0.18528
0.021734567997648637, 1311, 0.10488
0.03705154312971631, 2165, 0.1732
0.03170714350600912, 1933, 0.15464
0.026767780736727694, 1642, 0.13136
0.04263670085999125, 2416, 0.19328
0.04770336864062677, 2671, 0.21368
0.0321891925529738, 1850, 0.148
0.04914535154242626, 2862, 0.22896
0.03847707639968859, 2243, 0.17944
0.044686338183079856, 2541, 0.20328
0.046510792155471804, 2652, 0.21216
0.029515649721858432, 1763, 0.14104
0.05425281544766354, 3046, 0.24368
0.03833510872288292, 2284, 0.18272
0.05582879798402179, 3135, 0.2508
0.042481710997106396, 2465, 0.1972
0.04045970961267624, 2433, 0.19464
0.046289090083436804, 2654, 0.21232
0.03594738679801938, 2179, 0.17432
0.04525300737213844, 2568, 0.20544
0.038986081085157144, 2251, 0.18008
0.028141615452922677, 1752, 0.14016
0.035999668186774234, 2167, 0.17336
0.04120405111022674, 2494, 0.19952
0.039971612930857825, 2362, 0.18896
0.05477330640857196, 3078, 0.24624
0.029411181145764596, 1776, 0.14208
0.053388860829979554, 2940, 0.2352
0.043889753416612415, 2442, 0.19536
0.03876193615898037, 2319, 0.18552
0.026404985232066268, 1596, 0.12768
0.04678158679018593, 2750, 0.22
0.03572308411576854, 2159, 0.17272
0.037272184297565084, 2212, 0.17696
0.04004616770690236, 2395, 0.1916
0.036623113118658616, 2139, 0.17112
0.04230449968969052, 2419, 0.19352
0.0455261025136372, 2707, 0.21656
0.028227649045759334, 1722, 0.13776
0.038645532689501876, 2224, 0.17792
0.05631449583083466, 3100, 0.248
0.05003798115530644, 2799, 0.22392
0.05360870126818756, 2940, 0.2352
0.036689767843279875, 2136, 0.17088
0.03851849205121892, 2247, 0.17976
0.04050946058321463, 2306, 0.18448
0.038325588134447516, 2264, 0.18112
0.0342231875197675, 2131, 0.17048
0.04431785261477478, 2541, 0.20328
0.033369545843741286, 1983, 0.15864
0.038572304536083866, 2309, 0.18472
0.047694756658530464, 2732, 0.21856
0.05261935787714548, 2957, 0.23656
0.05306260625431014, 2885, 0.2308
0.02893362462869207, 1695, 0.1356
0.037476770419039386, 2230, 0.1784
0.030474780631640164, 1856, 0.14848
0.042873924445774786, 2415, 0.1932
0.04362612287645187, 2516, 0.20128
0.06798070599582427, 3632, 0.29056
0.04274615724692774, 2488, 0.19904
0.06406186424117191, 3398, 0.27184
0.046316119418610247, 2752, 0.22016
0.026264858112290138, 1602, 0.12816
0.04592426249526881, 2639, 0.21112
0.037983618880362294, 2293, 0.18344
0.053306949575810454, 2991, 0.23928
0.028699689479242535, 1702, 0.13616
0.04889316859470755, 2850, 0.228
0.04906839022431736, 2744, 0.21952
0.046488442890438984, 2582, 0.20656
0.04986264248354593, 2865, 0.2292
0.04699193807372761, 2711, 0.21688
0.033313651340164695, 1999, 0.15992
0.027482129986602988, 1718, 0.13744
0.026739593087283714, 1617, 0.12936
0.033723292803063847, 1950, 0.156
0.038321502118005314, 2232, 0.17856
0.030066171130718373, 1868, 0.14944
0.04480295058208258, 2662, 0.21296
0.02504721789200498, 1534, 0.12272
0.031143630279491734, 1882, 0.15056
0.02792840612548276, 1735, 0.1388
0.05475333143284956, 3106, 0.24848
0.04540027768213419, 2676, 0.21408
0.04018582297215933, 2328, 0.18624
0.03216116695836471, 1950, 0.156
0.02962417868650492, 1781, 0.14248
0.04437003009920722, 2559, 0.20472
0.02776781997598303, 1769, 0.14152
0.033007220624238214, 1936, 0.15488
0.04012923047455654, 2416, 0.19328
0.038248336545015256, 2216, 0.17728
0.055899762312735274, 3128, 0.25024
0.052936079519457585, 2942, 0.23536
0.03930999426790088, 2319, 0.18552
0.05033188001386473, 2906, 0.23248
0.052351136503387505, 2918, 0.23344
0.05129225745687919, 2814, 0.22512
0.04877623979417927, 2760, 0.2208
0.045023161582259656, 2578, 0.20624
0.04442768704516802, 2568, 0.20544
0.03097463848475636, 1870, 0.1496
0.047558421317039135, 2745, 0.2196
0.027843232984384937, 1751, 0.14008
0.038987242248989654, 2364, 0.18912
0.03913218633593841, 2317, 0.18536
0.03402409054339975, 2135, 0.1708
0.03680224567437934, 2241, 0.17928
0.0435655949428498, 2563, 0.20504
0.04533033782373861, 2548, 0.20384
0.029858891245367326, 1809, 0.14472
0.0467664267830334, 2687, 0.21496
0.04472280036561302, 2647, 0.21176
0.041952263606846535, 2438, 0.19504
0.042831657344505995, 2470, 0.1976
0.047180375165007206, 2730, 0.2184
0.0384710274472222, 2239, 0.17912
0.04909819661746905, 2778, 0.22224
0.026839411988483643, 1715, 0.1372
0.05991854730367712, 3208, 0.25664
0.051596157888843176, 2881, 0.23048
0.0447761674367618, 2626, 0.21008
0.03842210806544145, 2205, 0.1764
0.05163478063360461, 2957, 0.23656
0.02481802629252441, 1605, 0.1284
0.04436591889388111, 2621, 0.20968
0.030483146963472405, 1837, 0.14696
0.037508936950624946, 2121, 0.16968
0.03475999155624667, 2109, 0.16872
0.05628650958084045, 3169, 0.25352
0.05472037868983686, 2983, 0.23864
0.04458031798791037, 2586, 0.20688
0.037493703610619045, 2226, 0.17808
0.045612149513219506, 2625, 0.21
0.04584092751345708, 2643, 0.21144
0.032592878534257595, 1952, 0.15616
0.05187584931669869, 2872, 0.22976
0.035393501447741185, 2108, 0.16864
0.04065082812659602, 2370, 0.1896
0.04321383704857959, 2408, 0.19264
0.04341034825094157, 2504, 0.20032
0.026208340046973155, 1596, 0.12768
0.04203908953164807, 2448, 0.19584
0.03249828254917337, 1931, 0.15448
0.04316429115249406, 2564, 0.20512
0.05281414114098536, 3002, 0.24016
0.035935027150925954, 2191, 0.17528
0.04841293195044539, 2792, 0.22336
0.041164343531276446, 2364, 0.18912
0.029423324338477275, 1872, 0.14976
0.031189534837266625, 1906, 0.15248
0.039543900027213134, 2315, 0.1852
0.03291998510677933, 1992, 0.15936
0.04235459590789507, 2472, 0.19776
0.024266826738480955, 1520, 0.1216
0.038831504110925785, 2269, 0.18152
0.03122148493677017, 1936, 0.15488
0.04094561433924447, 2338, 0.18704
0.036467271489182926, 2171, 0.17368
0.03981103899066989, 2407, 0.19256
0.03715138240038766, 2254, 0.18032
0.058328835961384794, 3180, 0.2544
0.02609126620836218, 1603, 0.12824
0.041331346080703484, 2407, 0.19256
0.01874637312897931, 1211, 0.09688
0.036608841674194266, 2179, 0.17432
0.04638717846846255, 2723, 0.21784
0.03211919242461063, 1938, 0.15504
0.04991422405883508, 2867, 0.22936
0.03754941379185267, 2313, 0.18504
0.05091052820627301, 2901, 0.23208
0.030404771439974096, 1759, 0.14072
0.03844882082854657, 2264, 0.18112
0.03480497630581007, 2015, 0.1612
0.047735419361991084, 2691, 0.21528
0.04920889719127422, 2814, 0.22512
0.02765691232395069, 1632, 0.13056
0.04583666343191318, 2544, 0.20352
0.042074058763615446, 2438, 0.19504
0.04167515312005473, 2425, 0.194
0.054189772190433895, 3047, 0.24376
0.03517313248883227, 2156, 0.17248
0.04877344462825977, 2709, 0.21672
0.04853227642199369, 2733, 0.21864
0.042604762125312105, 2505, 0.2004
0.04690306161947387, 2774, 0.22192
0.026436225418681934, 1650, 0.132
0.04390514531413963, 2491, 0.19928
0.022215476487400215, 1391, 0.11128
0.04266413184070387, 2498, 0.19984
0.032382265093059304, 1904, 0.15232
0.03559965064498352, 2168, 0.17344
0.03594891199728772, 2172, 0.17376
0.03399442756969325, 2018, 0.16144
0.02846824927907455, 1731, 0.13848
0.046110551260101065, 2694, 0.21552
0.04413786452445841, 2559, 0.20472
0.048047764782524406, 2766, 0.22128
0.05479163287262517, 3064, 0.24512
0.05140015002804516, 2911, 0.23288
0.05897767738083839, 3328, 0.26624
0.05338685121118324, 2963, 0.23704
0.04221524465877456, 2443, 0.19544
0.03994846836289477, 2307, 0.18456
0.03927580543902297, 2279, 0.18232
0.057057304236705894, 3155, 0.2524
0.03206921203955916, 1913, 0.15304
0.041569308638843026, 2466, 0.19728
0.060129795667567355, 3282, 0.26256
0.03738673490257064, 2173, 0.17384
0.03637056348436588, 2217, 0.17736
0.0426612957250807, 2504, 0.20032
0.04326140493409959, 2471, 0.19768
0.045614166421321066, 2611, 0.20888
0.04456238582085539, 2630, 0.2104
0.02899976143887674, 1712, 0.13696
0.045105659989317856, 2540, 0.2032
0.04000907186804512, 2421, 0.19368
0.03554519727545556, 2135, 0.1708
0.048587924587120176, 2783, 0.22264
0.04664050104801177, 2661, 0.21288
0.04561430718400723, 2710, 0.2168
0.03333329534460973, 2046, 0.16368
0.040364251655226106, 2366, 0.18928
0.035044349920721085, 2124, 0.16992
0.037500254312496484, 2229, 0.17832
0.04680653545123726, 2750, 0.22
0.04993680163997413, 2772, 0.22176
0.04768617760965394, 2712, 0.21696
0.03410247215603415, 2084, 0.16672
0.03967895445747475, 2322, 0.18576
0.0485949670598194, 2744, 0.21952
0.05436904361439918, 3087, 0.24696
0.03851188251293542, 2328, 0.18624
0.056052765982294576, 3004, 0.24032
0.0349290762941331, 2075, 0.166
0.036672270913483365, 2191, 0.17528
0.04403098999450065, 2596, 0.20768
0.05301541089120492, 2978, 0.23824
0.04057021798641564, 2397, 0.19176
0.032219645303881245, 1914, 0.15312
0.04328348658000717, 2569, 0.20552
0.035286703419252566, 2055, 0.1644
0.04625219397364928, 2641, 0.21128
0.0528386646155032, 2974, 0.23792
0.030932586111218765, 1842, 0.14736
0.04852384580098995, 2819, 0.22552
0.032270227005384344, 2058, 0.16464
0.058475996940586514, 3232, 0.25856
0.042731160417923734, 2404, 0.19232
0.03126567928486579, 1894, 0.15152
0.040826097568671386, 2390, 0.1912
0.044148923206232205, 2585, 0.2068
0.046770667951475435, 2716, 0.21728
0.03751694185156706, 2192, 0.17536
0.02939980415263697, 1823, 0.14584
0.02843863951096052, 1773, 0.14184
0.040175026424689314, 2439, 0.19512
0.03088119406856469, 1854, 0.14832
0.0273761068896614, 1654, 0.13232
0.03862051542714137, 2256, 0.18048
0.047686754894586826, 2709, 0.21672
0.03148547612943855, 1907, 0.15256
0.04889125541221036, 2763, 0.22104
0.03353914003749418, 2077, 0.16616
0.039312678585592585, 2393, 0.19144
0.05020219064735593, 2902, 0.23216
0.05014057200834676, 2819, 0.22552
0.03491645096625556, 2131, 0.17048
0.037933246830764565, 2273, 0.18184
0.03537286968931837, 2040, 0.1632
0.04281667825844817, 2490, 0.1992
0.02864915511033815, 1711, 0.13688
0.03959701703069732, 2332, 0.18656
0.043007526685757046, 2622, 0.20976
0.047095312843824434, 2787, 0.22296
0.04185372548753748, 2427, 0.19416
0.027006107177210414, 1652, 0.13216
0.040819794762425775, 2435, 0.1948
0.03016328469303053, 1837, 0.14696
0.03911910791536228, 2280, 0.1824
0.058270190354507895, 3186, 0.25488
0.04035123405048792, 2429, 0.19432
0.035031295254523816, 2174, 0.17392
0.04208949242319245, 2496, 0.19968
0.021398550227287507, 1424, 0.11392
0.027346674998011026, 1688, 0.13504
0.04267225571409645, 2468, 0.19744
0.03291243524651122, 1932, 0.15456
0.030915551045247684, 1851, 0.14808
0.054151095493998574, 3053, 0.24424
0.030608857295041057, 1791, 0.14328
0.03673360587236445, 2244, 0.17952
0.031902136132531754, 1951, 0.15608
0.05068552842512614, 2950, 0.236
0.03745236190308078, 2196, 0.17568
0.05617507863721299, 3128, 0.25024
0.04233256030662968, 2494, 0.19952
0.04534662207023227, 2609, 0.20872
0.0382845097124895, 2239, 0.17912
0.05116417329488861, 2915, 0.2332
0.04641546498707462, 2657, 0.21256
0.03644528510430669, 2190, 0.1752
0.03186002891046216, 1964, 0.15712
0.0368345817274922, 2200, 0.176
0.04580911630187189, 2626, 0.21008
0.04553590714993178, 2609, 0.20872
0.038406738607606225, 2191, 0.17528
0.03463251363423805, 2076, 0.16608
0.028611408976651858, 1798, 0.14384
0.034737656991409, 2069, 0.16552
0.04018045175412129, 2334, 0.18672
0.04949455931354211, 2799, 0.22392
0.0503117739296152, 2947, 0.23576
0.0263206990663943, 1635, 0.1308
0.02412548398167616, 1454, 0.11632
0.042086233854225816, 2414, 0.19312
0.03515371085024509, 2092, 0.16736
0.027296990236588027, 1713, 0.13704
0.026679568297472252, 1648, 0.13184
0.03424996237432371, 2032, 0.16256
0.02694904572264236, 1693, 0.13544
0.040429629968436236, 2329, 0.18632
0.04128610712597857, 2367, 0.18936
0.048841280676005, 2797, 0.22376
0.03503357892839354, 2054, 0.16432
0.03175064437441228, 1953, 0.15624
0.051136680014172306, 2916, 0.23328
0.038182087380474426, 2262, 0.18096
0.029912264457520075, 1828, 0.14624
0.026705434656322035, 1704, 0.13632
0.03809656708154312, 2212, 0.17696
0.04823800402591936, 2757, 0.22056
0.022265835478172437, 1350, 0.108
0.05661593306265897, 3158, 0.25264
0.050940383106866494, 2857, 0.22856
0.026299858522375173, 1624, 0.12992
0.030502890658414692, 1904, 0.15232
0.047943376500359354, 2730, 0.2184
0.046020282070087105, 2606, 0.20848
0.03147873174465047, 1906, 0.15248
0.032104256094675855, 1971, 0.15768
0.04940337724490155, 2761, 0.22088
0.04462959464511898, 2547, 0.20376
0.01622381175630866, 1060, 0.0848
0.049446797969009484, 2825, 0.226
0.03737744086121266, 2193, 0.17544
0.04103725391228282, 2320, 0.1856
0.04587526571966974, 2608, 0.20864
0.043666562270819664, 2636, 0.21088
0.04706868806496011, 2682, 0.21456
0.03804340175636547, 2292, 0.18336
0.03157585175368011, 1857, 0.14856
0.047212742758058354, 2737, 0.21896
0.04790288530628886, 2824, 0.22592
0.04439718474262771, 2636, 0.21088
0.05223239056340014, 2923, 0.23384
0.05082577530215594, 2905, 0.2324
0.05212221718517428, 2960, 0.2368
0.04544266833541638, 2595, 0.2076
0.028479812808258988, 1709, 0.13672
0.04747702423227833, 2745, 0.2196
0.03223447831544816, 1980, 0.1584
0.043125176404672914, 2505, 0.2004
0.03063228162859003, 1851, 0.14808
0.019644109772753687, 1217, 0.09736
0.046594222153062234, 2736, 0.21888
0.04187674771780405, 2422, 0.19376
0.03418110059901603, 2107, 0.16856
0.036141493573791594, 2159, 0.17272
0.04291703028872337, 2404, 0.19232
0.030245364231772483, 1872, 0.14976
0.05369715369860688, 2987, 0.23896
0.047373648105647606, 2659, 0.21272
0.02766923915043914, 1737, 0.13896
0.03966118142887399, 2348, 0.18784
0.04418092040832889, 2663, 0.21304
0.036679680118899834, 2208, 0.17664
0.03616009508323648, 2230, 0.1784
0.03749499640909056, 2157, 0.17256
0.037168304646676475, 2183, 0.17464
0.04206522177306415, 2437, 0.19496
0.028403241485411564, 1727, 0.13816
0.03930081880051517, 2368, 0.18944
0.031707611327791554, 2007, 0.16056
0.037436822585375375, 2243, 0.17944
0.048573261861034625, 2612, 0.20896
0.045924083572460625, 2640, 0.2112
0.035818828275739116, 2113, 0.16904
0.03650518975368039, 2165, 0.1732
0.04326332182580995, 2540, 0.2032
0.038278523666868604, 2232, 0.17856
0.03150708453586531, 1912, 0.15296
0.055496147225878055, 3121, 0.24968
0.02945918262411587, 1839, 0.14712
0.04402336299933549, 2508, 0.20064
0.03032555455217556, 1861, 0.14888
0.04648884444109878, 2618, 0.20944
0.042203474955410665, 2474, 0.19792
0.048099386477438805, 2745, 0.2196
0.03978752974019137, 2469, 0.19752
0.042219741388260186, 2521, 0.20168
0.03660622563148686, 2218, 0.17744
0.05149433011968294, 2853, 0.22824
0.03876445200186367, 2309, 0.18472
0.03284250453844764, 1984, 0.15872
0.04735617380099139, 2726, 0.21808
0.04390497429574409, 2633, 0.21064
0.039434907314310104, 2282, 0.18256
0.03798848818591208, 2318, 0.18544
0.03346126206417515, 2074, 0.16592
0.0521390365012513, 2851, 0.22808
0.042281106383472905, 2499, 0.19992
0.03345916687208115, 2014, 0.16112
0.033761310343018304, 2086, 0.16688
0.058202273183771615, 3311, 0.26488
0.03504994279181295, 2180, 0.1744
0.04427219216029477, 2598, 0.20784
0.028414470748586742, 1746, 0.13968
0.04726976856711823, 2625, 0.21
0.04854267974743533, 2810, 0.2248
0.03874017379592298, 2301, 0.18408
0.04206261245297295, 2414, 0.19312
0.05286405423790286, 2952, 0.23616
0.05417858602324642, 3131, 0.25048
0.04883637157420022, 2763, 0.22104
0.028790575328948218, 1775, 0.142
0.05332092079217756, 3004, 0.24032
0.034372745747541324, 2102, 0.16816
0.045810289183026945, 2676, 0.21408
0.04459170000088311, 2617, 0.20936
0.05344515065124161, 3015, 0.2412
0.029307124832232103, 1805, 0.1444
0.03311117625252825, 1960, 0.1568
0.03599613876793401, 2187, 0.17496
0.04743697751939016, 2723, 0.21784
0.04464762497128325, 2573, 0.20584
0.05573435768501796, 3068, 0.24544
0.035377574987052914, 2113, 0.16904
0.03224924026586703, 1920, 0.1536
0.028084271264855614, 1757, 0.14056
0.046249866328574016, 2655, 0.2124
0.04814108759878789, 2708, 0.21664
0.03379716238584209, 1997, 0.15976
0.03933705235061072, 2324, 0.18592
0.04730709514976969, 2781, 0.22248
0.043307062241966496, 2624, 0.20992
0.04712132710237659, 2660, 0.2128
0.03920330458760481, 2365, 0.1892
0.040927681465991975, 2426, 0.19408
0.04337603001835689, 2473, 0.19784
0.03830641469334947, 2289, 0.18312
0.04885388984353825, 2822, 0.22576
0.043270684024542254, 2551, 0.20408
0.03373939823232789, 1999, 0.15992
0.04473052475272132, 2606, 0.20848
0.04288043529847232, 2606, 0.20848
0.03167764100481747, 1978, 0.15824
0.04440981904562801, 2592, 0.20736
0.044737084740625294, 2622, 0.20976
0.04947414381075467, 2885, 0.2308
0.0507600017537725, 2888, 0.23104
0.055896043645635815, 3067, 0.24536
0.05000373237176522, 2853, 0.22824
0.03837483345899585, 2226, 0.17808
0.024785897033232772, 1585, 0.1268
0.03309892470107557, 2038, 0.16304
0.04024987570445551, 2384, 0.19072
0.033940248704365, 1984, 0.15872
0.042056935020715044, 2425, 0.194
0.03700344766742394, 2141, 0.17128
0.05727313969189802, 3241, 0.25928
0.05372135442233046, 3034, 0.24272
0.018916627088645704, 1212, 0.09696
0.03494006029779238, 2119, 0.16952
0.04786924816537718, 2743, 0.21944
0.028373125555837844, 1724, 0.13792
0.03342485264804987, 2056, 0.16448
0.03797327690211281, 2178, 0.17424
0.04211155785753555, 2457, 0.19656
0.041770319537141797, 2409, 0.19272
0.03415745762736727, 2089, 0.16712
0.04567526367908651, 2685, 0.2148
0.047390835214868275, 2779, 0.22232
0.03739873633201337, 2203, 0.17624
0.05608623042120894, 3114, 0.24912
0.05417318034868078, 3085, 0.2468
0.020395772336338457, 1269, 0.10152
0.03999975961913478, 2340, 0.1872
0.040974053106818634, 2384, 0.19072
0.038034419773414686, 2238, 0.17904
0.04169089284866479, 2414, 0.19312
0.048057291774340226, 2716, 0.21728
0.044899001793019616, 2641, 0.21128
0.03323942330137429, 2015, 0.1612
0.04744644472426155, 2720, 0.2176
0.04143024962551843, 2347, 0.18776
0.03777811249539774, 2267, 0.18136
0.034578630092755684, 2084, 0.16672
0.03444661375931288, 2130, 0.1704
0.04647302921102879, 2672, 0.21376
0.04353412767764992, 2561, 0.20488
0.034301725103021354, 2087, 0.16696
0.05722760402516758, 3167, 0.25336
0.04017841133208871, 2368, 0.18944
0.036050011074070513, 2194, 0.17552
0.035980788599825335, 2146, 0.17168
0.03640844253296932, 2169, 0.17352
0.04044762579079261, 2326, 0.18608
0.0435390308337602, 2535, 0.2028
0.038907851911483465, 2354, 0.18832
0.03435276915027783, 2045, 0.1636
0.03194703593962534, 1984, 0.15872
0.03295146121394781, 1988, 0.15904
0.046975648452927045, 2654, 0.21232
0.009952208967984388, 656, 0.05248
0.04579492771286919, 2638, 0.21104
0.04857232315646242, 2771, 0.22168
0.02978345054825492, 1835, 0.1468
0.0535018290769762, 3021, 0.24168
0.04699359512938207, 2745, 0.2196
0.0346134115403508, 2081, 0.16648
0.04915384107786522, 2829, 0.22632
0.03532071909835372, 2086, 0.16688
0.03538429358214063, 2144, 0.17152
0.03822077611818964, 2329, 0.18632
0.03943230412072707, 2285, 0.1828
0.026703061456810603, 1668, 0.13344
0.029851147400739728, 1771, 0.14168
0.05220426279099292, 2891, 0.23128
0.047973920538581134, 2725, 0.218
0.022204561730464062, 1409, 0.11272
0.05647022893077625, 3146, 0.25168
0.0521352471560787, 2916, 0.23328
0.06030522976996251, 3278, 0.26224
0.04211632288318043, 2507, 0.20056
0.05174214907177101, 2883, 0.23064
0.03307682140583592, 1986, 0.15888
0.043984676535078766, 2569, 0.20552
0.030880687750687447, 1868, 0.14944
0.0564328697771376, 3144, 0.25152
0.041972057033977134, 2519, 0.20152
0.03208895574719185, 1946, 0.15568
0.039359541048149434, 2380, 0.1904
0.03146478581041986, 1882, 0.15056
0.04368826017031822, 2594, 0.20752
0.03594531696552825, 2182, 0.17456
0.04159537089229267, 2535, 0.2028
0.03285086033166202, 1967, 0.15736
0.03819763868802913, 2221, 0.17768
0.026804838983164162, 1597, 0.12776
0.02108101219845287, 1356, 0.10848
0.04488653643566637, 2684, 0.21472
0.04542898318626735, 2662, 0.21296
0.05184935650335286, 2805, 0.2244
0.04489367553065643, 2582, 0.20656
0.04960607304956934, 2758, 0.22064
0.038273864583360115, 2342, 0.18736
0.036302596872580875, 2184, 0.17472
0.04191338094971066, 2392, 0.19136
0.03525711519857037, 2188, 0.17504
0.034106025400443246, 2086, 0.16688
0.048835766012017875, 2846, 0.22768
0.05411991510000841, 2954, 0.23632
0.020790216281258767, 1295, 0.1036
0.04927406056036388, 2843, 0.22744
0.05756737935956661, 3188, 0.25504
0.04811645156471008, 2777, 0.22216
0.049709501575274644, 2878, 0.23024
0.03596239704686844, 2182, 0.17456
0.05933269877810563, 3262, 0.26096
0.05290739190763577, 3059, 0.24472
0.036299859302574795, 2234, 0.17872
0.05193557665938046, 2950, 0.236
0.03437180755354018, 2058, 0.16464
0.04076088460128548, 2406, 0.19248
0.028243524332151354, 1755, 0.1404
0.03300229466633723, 1997, 0.15976
0.029463945825551403, 1822, 0.14576
0.029329134709423818, 1775, 0.142
0.03263492467514987, 1970, 0.1576
0.044910275098407657, 2587, 0.20696
0.031947628996055966, 1876, 0.15008
0.041532174051005795, 2519, 0.20152
0.024411030151465105, 1496, 0.11968
0.04147160406817036, 2381, 0.19048
0.024150559433776243, 1520, 0.1216
0.029608603809639606, 1872, 0.14976
0.034711407801958485, 2098, 0.16784
0.043861290111824235, 2460, 0.1968
0.04950349108928805, 2898, 0.23184
0.035432078433898166, 2082, 0.16656
0.04435849587306502, 2587, 0.20696
0.04717914941810376, 2828, 0.22624
0.047090420914684385, 2622, 0.20976
0.036157985718678835, 2159, 0.17272
0.015946557723462925, 1065, 0.0852
0.03400934953801109, 2043, 0.16344
0.0458293942275992, 2630, 0.2104
0.03041103321844473, 1886, 0.15088
0.0623232447719195, 3339, 0.26712
0.024527797679237507, 1491, 0.11928
0.04435201786093515, 2535, 0.2028
0.04453276251962201, 2538, 0.20304
0.044112199831928114, 2603, 0.20824
0.04443009989531195, 2613, 0.20904
0.04856180035174756, 2756, 0.22048
0.033832266499358, 2085, 0.1668
0.03026880116088904, 1880, 0.1504
0.030444863731129722, 1844, 0.14752
0.038185207048783115, 2290, 0.1832
0.029761523078958206, 1810, 0.1448
0.049073447883022085, 2771, 0.22168
0.03885689608647417, 2327, 0.18616
0.04280020485454565, 2483, 0.19864
0.038929167451806454, 2293, 0.18344
0.04166347125213898, 2443, 0.19544
0.04319989707891984, 2515, 0.2012
0.04008847200135935, 2335, 0.1868
0.04930822567247162, 2887, 0.23096
0.032762197294498405, 1980, 0.1584
0.02927532926902912, 1743, 0.13944
0.044545744644148885, 2617, 0.20936
0.02449423351252006, 1538, 0.12304
0.04136278704989506, 2389, 0.19112
0.036935467177796354, 2260, 0.1808
0.036507646148388515, 2207, 0.17656
0.031226538427240418, 1876, 0.15008
0.046964249583192626, 2687, 0.21496
0.0309068106674515, 1850, 0.148
0.04744472154475724, 2808, 0.22464
0.05279755037067594, 2964, 0.23712
0.029757529815892178, 1762, 0.14096
0.058177057095805826, 3276, 0.26208
0.04135320361083241, 2441, 0.19528
0.05635430998959868, 3105, 0.2484
0.030313386117510926, 1859, 0.14872
0.04019429531731319, 2411, 0.19288
0.034493208634588976, 2095, 0.1676
0.044299082872174496, 2618, 0.20944
0.0386094289284762, 2299, 0.18392
0.03424098157158056, 2032, 0.16256
0.04441375859364471, 2607, 0.20856
0.05827419839472503, 3196, 0.25568
0.029856343579371593, 1785, 0.1428
0.05008158541282816, 2793, 0.22344
0.037622588626604274, 2279, 0.18232
0.022082610057617358, 1435, 0.1148
0.02026883070945036, 1304, 0.10432
0.03859870399443211, 2265, 0.1812
0.042473261595266064, 2518, 0.20144
0.03522440522985812, 2060, 0.1648
0.027822457263724447, 1794, 0.14352
0.05399306134979432, 3111, 0.24888
0.029730957426314136, 1838, 0.14704
0.039117847712997235, 2402, 0.19216
0.02749869253886248, 1677, 0.13416
0.02041087536503968, 1318, 0.10544
0.0472921197403733, 2767, 0.22136
0.04010078890419516, 2396, 0.19168
0.05720950070348886, 3184, 0.25472
0.045278517826483525, 2628, 0.21024
0.04478503725534088, 2546, 0.20368
0.04912932238798454, 2857, 0.22856
0.044575288722107656, 2624, 0.20992
0.04411052783652584, 2519, 0.20152
0.028597353571829787, 1778, 0.14224
0.04516782655643204, 2597, 0.20776
0.04558096325771874, 2603, 0.20824
0.034289055968744826, 2118, 0.16944
0.02965105373601738, 1796, 0.14368
0.05667591313943089, 3094, 0.24752
0.040050107302638235, 2346, 0.18768
0.04633214388816798, 2635, 0.2108
0.04308654491435487, 2653, 0.21224
0.015184846019145779, 961, 0.07688
0.047413481787756555, 2715, 0.2172
0.045580780632751276, 2643, 0.21144
0.03299233103118325, 2056, 0.16448
0.03001690407616172, 1785, 0.1428
0.025540618309155327, 1593, 0.12744
0.04802537970240383, 2774, 0.22192
0.05819693344578282, 3223, 0.25784
0.05329621365380486, 2903, 0.23224
0.03896528266138043, 2210, 0.1768
0.041323194042934754, 2353, 0.18824
0.04144542289046512, 2467, 0.19736
0.041852360938280535, 2379, 0.19032
0.03902635927175599, 2361, 0.18888
0.02332541911876178, 1491, 0.11928
0.04802714292884672, 2733, 0.21864
0.045524253430174584, 2627, 0.21016
0.030395180466516878, 1851, 0.14808
0.02459036277008518, 1478, 0.11824
0.04560846689988878, 2671, 0.21368
0.04397337727685784, 2582, 0.20656
0.04196120914429328, 2410, 0.1928
0.042041472340281535, 2425, 0.194
0.05602085003949221, 3159, 0.25272
0.022319400259802995, 1435, 0.1148
0.05337576103001015, 2982, 0.23856
0.038672287714083965, 2278, 0.18224
0.036192618777158625, 2157, 0.17256
0.03351610467570511, 2094, 0.16752
0.04495396763650064, 2587, 0.20696
0.04025877266200557, 2355, 0.1884
0.04068014354511127, 2399, 0.19192
0.025864918173665343, 1615, 0.1292
0.05146352018014226, 2903, 0.23224
0.03984407131501938, 2370, 0.1896
0.03362147464131134, 1983, 0.15864
0.03642979580037872, 2170, 0.1736
0.037522680950406465, 2146, 0.17168
0.0456117166768668, 2621, 0.20968
0.033065580155497314, 2046, 0.16368
0.06490609067722286, 3425, 0.274
0.03216960980274644, 1945, 0.1556
0.038098849052282266, 2309, 0.18472
0.04529192881560254, 2587, 0.20696
0.04151581136024902, 2502, 0.20016
0.0397715634020926, 2333, 0.18664
0.046406337379215394, 2583, 0.20664
0.04562790264729642, 2579, 0.20632
0.028335626158739902, 1777, 0.14216
0.0381531802501825, 2268, 0.18144
0.02881460558920232, 1806, 0.14448
0.05221813066493625, 2988, 0.23904
0.02392096723861445, 1429, 0.11432
0.04375738389535838, 2580, 0.2064
0.0512218604149261, 2918, 0.23344
0.03532833774331823, 2188, 0.17504
0.042114003955880316, 2471, 0.19768
0.020056724066674386, 1271, 0.10168
0.025354974286218728, 1603, 0.12824
0.038975380825302594, 2304, 0.18432
0.04501838187088249, 2708, 0.21664
0.04214287994270581, 2454, 0.19632
0.04211438693055693, 2435, 0.1948
0.04336698546518922, 2469, 0.19752
0.04735013866416746, 2669, 0.21352
0.022149548860486305, 1432, 0.11456
0.026905479988458107, 1681, 0.13448
0.04315735571293946, 2524, 0.20192
0.04464823783250717, 2545, 0.2036
0.04520527861541229, 2630, 0.2104
0.03387381578997843, 2065, 0.1652
0.036574696490099715, 2157, 0.17256
0.02874972108533475, 1767, 0.14136
0.04104953370053063, 2361, 0.18888
0.03902937033102612, 2353, 0.18824
0.03746093162242074, 2255, 0.1804
0.05030149946644909, 2778, 0.22224
0.0523467163983491, 2952, 0.23616
0.021679196947383326, 1341, 0.10728
0.04927963439270273, 2844, 0.22752
0.04590203702827672, 2643, 0.21144
0.0417872841813489, 2513, 0.20104
0.04314669363614443, 2556, 0.20448
0.035994767515382706, 2126, 0.17008
0.056007381842907315, 3164, 0.25312
0.021404562993312923, 1342, 0.10736
0.047213896132791346, 2740, 0.2192
0.05456421031251743, 3075, 0.246
0.04970444545652831, 2859, 0.22872
0.03684662353513597, 2189, 0.17512
0.04258385971492091, 2512, 0.20096
0.033414704648282854, 1929, 0.15432
0.0223930459369556, 1394, 0.11152
0.04844114586223275, 2707, 0.21656
0.037465491622096475, 2174, 0.17392
0.05120160391371479, 2967, 0.23736
0.03574429217684815, 2146, 0.17168
0.03419900889539914, 2105, 0.1684
0.04386532665992721, 2526, 0.20208
0.047026350333821916, 2703, 0.21624
0.04409848616675622, 2505, 0.2004
0.045904869538764596, 2659, 0.21272
0.04525362916222347, 2582, 0.20656
0.045353810877576776, 2656, 0.21248
0.030879508355730667, 1871, 0.14968
0.04272888569012647, 2513, 0.20104
0.04828490062746659, 2746, 0.21968
0.053492344787181255, 3017, 0.24136
0.040124328347615354, 2393, 0.19144
0.04208192653800388, 2517, 0.20136
0.028234269751099814, 1691, 0.13528
0.03548790590136038, 2157, 0.17256
0.036320981521378845, 2124, 0.16992
0.04085961073331373, 2430, 0.1944
0.03813044848472944, 2260, 0.1808
0.052295474817990184, 2948, 0.23584
0.019134398770725966, 1186, 0.09488
0.030135444879100352, 1830, 0.1464
0.04392836772768187, 2496, 0.19968
0.04838794673665343, 2757, 0.22056
0.028439809528905485, 1758, 0.14064
0.04446860930572613, 2576, 0.20608
0.047289019897042775, 2698, 0.21584
0.04943779374669798, 2791, 0.22328
0.026052142713708062, 1638, 0.13104
0.023538691060238315, 1507, 0.12056
0.03810185550465227, 2223, 0.17784
0.04626155485208578, 2663, 0.21304
0.02988840563027144, 1823, 0.14584
0.03637163642086202, 2118, 0.16944
0.049668199986208444, 2793, 0.22344
0.041337460051085066, 2470, 0.1976
0.06077239367117784, 3270, 0.2616
0.03915612198129031, 2413, 0.19304
0.04284836761137852, 2523, 0.20184
0.045778108235113926, 2662, 0.21296
0.019197570126547714, 1293, 0.10344
0.02029618829122032, 1236, 0.09888
0.025649688494234314, 1568, 0.12544
0.03650566128855857, 2195, 0.1756
