Time to failure, Number of defective sites, Fraction of defect
0.05116422750927417, 2176, 0.17408
0.04986545902903409, 2159, 0.17272
0.05331298512236897, 2315, 0.1852
0.05650228579454384, 2416, 0.19328
0.04083775002831677, 1702, 0.13616
0.035162444424490534, 1570, 0.1256
0.06345437364383151, 2601, 0.20808
0.05258666593304961, 2215, 0.1772
0.030874014239892392, 1390, 0.1112
0.05939307826917366, 2457, 0.19656
0.04608252937081903, 2001, 0.16008
0.05371530688941796, 2321, 0.18568
0.05575401950856478, 2335, 0.1868
0.05036144822315893, 2158, 0.17264
0.04098244689660294, 1790, 0.1432
0.053970027369514235, 2302, 0.18416
0.054093100260613765, 2279, 0.18232
0.05463498119954101, 2316, 0.18528
0.05928647807243635, 2469, 0.19752
0.04891343606250361, 2087, 0.16696
0.03590328822110004, 1549, 0.12392
0.06592977145700606, 2694, 0.21552
0.04788481738204846, 2062, 0.16496
0.06265414707163988, 2605, 0.2084
0.04620220256537906, 2043, 0.16344
0.044716268330084345, 1908, 0.15264
0.041664406425326074, 1799, 0.14392
0.033895751082652775, 1511, 0.12088
0.06547211836773995, 2722, 0.21776
0.06532724280381393, 2688, 0.21504
0.051150475579097514, 2163, 0.17304
0.043118897330475574, 1868, 0.14944
0.04000125937744796, 1764, 0.14112
0.04619636614004063, 2026, 0.16208
0.03854426860890078, 1758, 0.14064
0.04084688477736708, 1825, 0.146
0.04499188525968711, 1949, 0.15592
0.06158084481771445, 2594, 0.20752
0.06503368548796243, 2653, 0.21224
0.03913914962964717, 1733, 0.13864
0.04739436015737771, 2104, 0.16832
0.057023411543225204, 2446, 0.19568
0.053232197540237794, 2258, 0.18064
0.04860555023046782, 2065, 0.1652
0.04928596251421427, 2178, 0.17424
0.043748993568326934, 1873, 0.14984
0.03767918353224691, 1689, 0.13512
0.03145861682186955, 1413, 0.11304
0.04399578704979747, 1943, 0.15544
0.03710307290240762, 1621, 0.12968
0.0603629145057925, 2490, 0.1992
0.04619902842843735, 2003, 0.16024
0.04904652558835835, 2139, 0.17112
0.042088762974411394, 1828, 0.14624
0.05847625081263708, 2515, 0.2012
0.04809025355004344, 2088, 0.16704
0.043856452735171525, 2011, 0.16088
0.05106874647855755, 2173, 0.17384
0.042341460730845944, 1866, 0.14928
0.04968648333571029, 2112, 0.16896
0.039333978481238686, 1728, 0.13824
0.04800081088174022, 2082, 0.16656
0.04398511232195445, 1910, 0.1528
0.029230742122394758, 1327, 0.10616
0.047754474213930434, 2072, 0.16576
0.04242025753803035, 1895, 0.1516
0.06527410608389274, 2758, 0.22064
0.03983840767552393, 1720, 0.1376
0.044637962585419313, 1936, 0.15488
0.040852316746205035, 1762, 0.14096
0.04154090662856729, 1811, 0.14488
0.054707415895741685, 2341, 0.18728
0.05621794848899973, 2339, 0.18712
0.05938803627950082, 2460, 0.1968
0.055879913684788375, 2342, 0.18736
0.05059251195077959, 2158, 0.17264
0.046025552301833396, 1944, 0.15552
0.04285061894164068, 1906, 0.15248
0.04334874483425733, 1833, 0.14664
0.04708124009764024, 2059, 0.16472
0.024929717524835523, 1142, 0.09136
0.03470309901268425, 1504, 0.12032
0.057764461722854286, 2356, 0.18848
0.05989635265828394, 2410, 0.1928
0.05195421760425065, 2214, 0.17712
0.04945144521673033, 2133, 0.17064
0.04929626962022004, 2101, 0.16808
0.04556562680580466, 2000, 0.16
0.05555107004385341, 2320, 0.1856
0.047567887556303624, 2053, 0.16424
0.06672174446181237, 2671, 0.21368
0.04468357691571321, 1972, 0.15776
0.05344768365484595, 2285, 0.1828
0.05476733818354669, 2306, 0.18448
0.052406785313348934, 2246, 0.17968
0.02701320366394509, 1250, 0.1
0.0468704097059216, 2045, 0.1636
0.049566692630621745, 2066, 0.16528
0.04775703762067091, 2053, 0.16424
0.030718449412869494, 1398, 0.11184
0.04735401639371236, 2053, 0.16424
0.04538167808938604, 2062, 0.16496
0.02908162194399101, 1336, 0.10688
0.04697177730382861, 1971, 0.15768
0.045392825944458814, 1906, 0.15248
0.05576664804706157, 2399, 0.19192
0.05470473345322289, 2375, 0.19
0.04950147489097459, 2117, 0.16936
0.042215058591401525, 1932, 0.15456
0.04856595413677939, 2073, 0.16584
0.06922401266258424, 2751, 0.22008
0.0487683738755762, 2110, 0.1688
0.03278255712920019, 1488, 0.11904
0.0505925760750411, 2142, 0.17136
0.036496056897744746, 1587, 0.12696
0.041421176103493544, 1789, 0.14312
0.0535463854202854, 2323, 0.18584
0.028202965835431394, 1250, 0.1
0.06561756997183872, 2690, 0.2152
0.04488888784807801, 1934, 0.15472
0.06501755428374659, 2705, 0.2164
0.05234881597624811, 2275, 0.182
0.044243632380860445, 1924, 0.15392
0.057000107363952064, 2452, 0.19616
0.061946354359510354, 2578, 0.20624
0.039462339311010945, 1749, 0.13992
0.06256498333760406, 2587, 0.20696
0.04105864869950101, 1856, 0.14848
0.046781030139956936, 2025, 0.162
0.054309905958143924, 2393, 0.19144
0.05531368829213331, 2356, 0.18848
0.048596112750136276, 2092, 0.16736
0.05231180867426103, 2258, 0.18064
0.04165679632766093, 1879, 0.15032
0.04074421326858405, 1790, 0.1432
0.04943827966942476, 2187, 0.17496
0.03589833540907256, 1598, 0.12784
0.04092775562575927, 1814, 0.14512
0.01817437635588306, 846, 0.06768
0.0428553788035172, 1947, 0.15576
0.030032817479086323, 1282, 0.10256
0.05542280710770184, 2335, 0.1868
0.039853993791047045, 1775, 0.142
0.047873489600484105, 1992, 0.15936
0.058876011511887046, 2488, 0.19904
0.047517621646917044, 2065, 0.1652
0.03597270354011053, 1572, 0.12576
0.06482511557649602, 2764, 0.22112
0.04733963421935817, 1978, 0.15824
0.03572740492262593, 1533, 0.12264
0.059961873375566584, 2458, 0.19664
0.06158987642859788, 2584, 0.20672
0.061124324838142376, 2591, 0.20728
0.039558016967138177, 1682, 0.13456
0.027680384488625063, 1292, 0.10336
0.04589125658443637, 1996, 0.15968
0.04967490371433326, 2126, 0.17008
0.044764308655297104, 1958, 0.15664
0.05442675441161179, 2340, 0.1872
0.035842202308732966, 1665, 0.1332
0.041984770922073554, 1866, 0.14928
0.04407546142024887, 1930, 0.1544
0.04994112975374503, 2151, 0.17208
0.038185020239790646, 1725, 0.138
0.05690579647094961, 2392, 0.19136
0.033815764128615484, 1556, 0.12448
0.025700369892693118, 1137, 0.09096
0.050010361882980164, 2169, 0.17352
0.049028674688840146, 2025, 0.162
0.053094339331204096, 2221, 0.17768
0.038464438201379236, 1684, 0.13472
0.03671013817719992, 1587, 0.12696
0.05236468919192791, 2230, 0.1784
0.0542998409362686, 2280, 0.1824
0.06879513429532805, 2787, 0.22296
0.05865511778867836, 2448, 0.19584
0.04843631078030473, 2147, 0.17176
0.058428300476439626, 2455, 0.1964
0.0574677913945815, 2392, 0.19136
0.057239124487786945, 2420, 0.1936
0.04663630138447127, 2040, 0.1632
0.05110808689629331, 2252, 0.18016
0.04099609003972513, 1785, 0.1428
0.05483260394868365, 2325, 0.186
0.04457616262113631, 1851, 0.14808
0.047882985728542035, 1973, 0.15784
0.06154697219477427, 2636, 0.21088
0.05113006810125555, 2183, 0.17464
0.048926282350226516, 2141, 0.17128
0.054330222218384114, 2329, 0.18632
0.03926336866958186, 1764, 0.14112
0.05284884681732474, 2312, 0.18496
0.05664059338498492, 2399, 0.19192
0.031856246701643554, 1370, 0.1096
0.04444537162413068, 1933, 0.15464
0.05806096678281975, 2490, 0.1992
0.055513698389266196, 2349, 0.18792
0.0412337776869134, 1799, 0.14392
0.046859276892715046, 1996, 0.15968
0.05218738465411696, 2239, 0.17912
0.05312282188138169, 2323, 0.18584
0.06529007323539705, 2661, 0.21288
0.0610972570577884, 2518, 0.20144
0.040377426499894356, 1761, 0.14088
0.04091355962255887, 1743, 0.13944
0.05632235890642916, 2385, 0.1908
0.046272694678102994, 1995, 0.1596
0.06350647870384687, 2651, 0.21208
0.04742891290924601, 1987, 0.15896
0.0643712392047753, 2678, 0.21424
0.054321901506027295, 2265, 0.1812
0.04738060837032156, 2070, 0.1656
0.049797150503067954, 2147, 0.17176
0.03575389612887165, 1542, 0.12336
0.04765777495111185, 2036, 0.16288
0.05382105801126722, 2308, 0.18464
0.05324954896705748, 2227, 0.17816
0.03910739546283786, 1715, 0.1372
0.03129173597654935, 1418, 0.11344
0.048232431318462055, 2078, 0.16624
0.05790416220018891, 2488, 0.19904
0.04918844790964549, 2110, 0.1688
0.05301109157111916, 2273, 0.18184
0.04974492724823973, 2185, 0.1748
0.030618179880100724, 1397, 0.11176
0.05891444938466291, 2550, 0.204
0.055204787286365804, 2350, 0.188
0.060752368865242976, 2479, 0.19832
0.04710084139513911, 2045, 0.1636
0.040911911271945885, 1777, 0.14216
0.04991362339588964, 2201, 0.17608
0.04884329069305925, 2055, 0.1644
0.0324481475332664, 1435, 0.1148
0.035416982601229684, 1615, 0.1292
0.04777229190855978, 2058, 0.16464
0.03881972193889346, 1644, 0.13152
0.04480548278428018, 1973, 0.15784
0.05173807047484167, 2179, 0.17432
0.05771187466197644, 2378, 0.19024
0.0520715377282926, 2269, 0.18152
0.05018664263279107, 2176, 0.17408
0.0527055901417398, 2263, 0.18104
0.031062773619384, 1362, 0.10896
0.058993341312950906, 2476, 0.19808
0.06074681678667286, 2541, 0.20328
0.05459119929811658, 2312, 0.18496
0.055026730951750764, 2347, 0.18776
0.021794340082967465, 951, 0.07608
0.033699293950164765, 1438, 0.11504
0.05085793490101343, 2136, 0.17088
0.04711257632638388, 1989, 0.15912
0.049758476317716474, 2138, 0.17104
0.05643850922961117, 2367, 0.18936
0.05903830842411271, 2456, 0.19648
0.0704127603861316, 2919, 0.23352
0.05243434909708113, 2227, 0.17816
0.0375943174675939, 1657, 0.13256
0.03200200408948709, 1427, 0.11416
0.040694340266379074, 1822, 0.14576
0.04991072682893508, 2153, 0.17224
0.03049032390435433, 1306, 0.10448
0.046097974353893796, 1949, 0.15592
0.052841762031926545, 2218, 0.17744
0.03570239491400507, 1560, 0.1248
0.05465454207392195, 2335, 0.1868
0.04694886141817331, 2042, 0.16336
0.0480277681276777, 2048, 0.16384
0.056131012620674055, 2341, 0.18728
0.04662649062826136, 2061, 0.16488
0.04352452208875148, 1892, 0.15136
0.018418739667567702, 827, 0.06616
0.046058531057732485, 1980, 0.1584
0.0406335108791275, 1741, 0.13928
0.05684190228424923, 2363, 0.18904
0.030339015167487663, 1317, 0.10536
0.03233299851295277, 1448, 0.11584
0.056055281090822195, 2386, 0.19088
0.03820716580986937, 1633, 0.13064
0.05400848667667008, 2329, 0.18632
0.05252930720323456, 2247, 0.17976
0.05563831350731878, 2415, 0.1932
0.04965777626877998, 2134, 0.17072
0.046487405436303114, 1972, 0.15776
0.04188284465359173, 1821, 0.14568
0.026629114175618262, 1203, 0.09624
0.0657381955725127, 2719, 0.21752
0.05728475644249187, 2452, 0.19616
0.03234576333346766, 1390, 0.1112
0.05418622340038779, 2304, 0.18432
0.05297493204196728, 2183, 0.17464
0.04771579399495448, 2103, 0.16824
0.019574958771075464, 898, 0.07184
0.042568918743531546, 1846, 0.14768
0.05369128795123346, 2312, 0.18496
0.036887117542247494, 1644, 0.13152
0.04630312667361252, 2000, 0.16
0.042725506152517384, 1948, 0.15584
0.03925189804473946, 1664, 0.13312
0.04124685451669666, 1797, 0.14376
0.050464169570973244, 2170, 0.1736
0.05310333102008752, 2218, 0.17744
0.052872036182592175, 2218, 0.17744
0.050283213045689605, 2272, 0.18176
0.055541244231876695, 2395, 0.1916
0.047756642345917324, 2046, 0.16368
0.05067367163822879, 2218, 0.17744
0.04532865669432581, 1917, 0.15336
0.05975724237561068, 2512, 0.20096
0.05659707978737255, 2447, 0.19576
0.05827879956342749, 2486, 0.19888
0.03364495907690106, 1526, 0.12208
0.03381128039300618, 1493, 0.11944
0.06186987234618797, 2581, 0.20648
0.052286260326666445, 2205, 0.1764
0.05163517287354694, 2245, 0.1796
0.05339821420840891, 2352, 0.18816
0.05354223136287797, 2281, 0.18248
0.05369613455086568, 2337, 0.18696
0.06002599411868748, 2511, 0.20088
0.03923454330070606, 1707, 0.13656
0.046007134936540885, 2034, 0.16272
0.03571167409080331, 1501, 0.12008
0.051297394825108325, 2164, 0.17312
0.059481130811367744, 2487, 0.19896
0.051857676411288196, 2228, 0.17824
0.0469456365210904, 2032, 0.16256
0.04911040747856416, 2016, 0.16128
0.03777663126231087, 1631, 0.13048
0.03771064343754429, 1698, 0.13584
0.06527074337038456, 2674, 0.21392
0.05230838804622827, 2160, 0.1728
0.050185697913843356, 2106, 0.16848
0.03291588485923908, 1467, 0.11736
0.0539314853434058, 2270, 0.1816
0.05676252837140967, 2451, 0.19608
0.02755773891397202, 1238, 0.09904
0.04545970266373241, 1873, 0.14984
0.0517683339921531, 2199, 0.17592
0.05893067821489816, 2522, 0.20176
0.05333017694273871, 2189, 0.17512
0.060831535515951475, 2516, 0.20128
0.06127679376750841, 2477, 0.19816
0.05848258635693088, 2375, 0.19
0.05802666098175599, 2418, 0.19344
0.056421078058897366, 2333, 0.18664
0.03512448975409976, 1552, 0.12416
0.04367382565136412, 1968, 0.15744
0.059467023424124535, 2521, 0.20168
0.031544187626087926, 1378, 0.11024
0.05049472692473813, 2122, 0.16976
0.04031826183972204, 1788, 0.14304
0.034776368610824594, 1549, 0.12392
0.04388204765364096, 1942, 0.15536
0.06153390887461273, 2542, 0.20336
0.054254448339712304, 2259, 0.18072
0.05278837903839665, 2230, 0.1784
0.04525631663578251, 1908, 0.15264
0.052156413778626086, 2189, 0.17512
0.048250151393298246, 2090, 0.1672
0.04230666904753125, 1858, 0.14864
0.04390825798970205, 1900, 0.152
0.0559459267415023, 2333, 0.18664
0.051853300316183876, 2258, 0.18064
0.06438152967750865, 2566, 0.20528
0.05887182314221585, 2483, 0.19864
0.052132885018355654, 2206, 0.17648
0.03474687855697626, 1634, 0.13072
0.04229215058749424, 1813, 0.14504
0.038569318447783954, 1715, 0.1372
0.059551531518719246, 2584, 0.20672
0.045642220568158386, 1986, 0.15888
0.04971735583100913, 2133, 0.17064
0.019383878122792852, 887, 0.07096
0.04242729053931921, 1836, 0.14688
0.05820085733305589, 2408, 0.19264
0.039664855358510116, 1768, 0.14144
0.040569681269353126, 1854, 0.14832
0.060458657806337315, 2561, 0.20488
0.04375601495233007, 1934, 0.15472
0.028051520713346826, 1300, 0.104
0.0420749052053732, 1888, 0.15104
0.039744585033020585, 1685, 0.1348
0.05410809909369386, 2273, 0.18184
0.04719502456448331, 2006, 0.16048
0.026714810046603074, 1210, 0.0968
0.043283341764629814, 1868, 0.14944
0.03599157324828034, 1553, 0.12424
0.03854342554952452, 1713, 0.13704
0.04198062526508245, 1810, 0.1448
0.04152820377659672, 1859, 0.14872
0.04813434944754128, 2106, 0.16848
0.037475373813512465, 1589, 0.12712
0.046668127494734125, 2015, 0.1612
0.033707196103281774, 1527, 0.12216
0.05472700704060729, 2297, 0.18376
0.0589687643033208, 2567, 0.20536
0.0349758420729347, 1556, 0.12448
0.04384762773809813, 1856, 0.14848
0.055842086991447666, 2393, 0.19144
0.03964416555128171, 1708, 0.13664
0.040783580826552174, 1791, 0.14328
0.0517271118400797, 2182, 0.17456
0.03311569107447458, 1469, 0.11752
0.05026229337455112, 2172, 0.17376
0.05894414447905617, 2488, 0.19904
0.04197736663453349, 1888, 0.15104
0.039696169556277874, 1709, 0.13672
0.0633823242392612, 2692, 0.21536
0.02243420390054387, 1060, 0.0848
0.04388803735277789, 1948, 0.15584
0.06291901733607518, 2660, 0.2128
0.04511694237836162, 1949, 0.15592
0.04274557005728213, 1833, 0.14664
0.0465056536816857, 2010, 0.1608
0.05934591097580013, 2467, 0.19736
0.045892235195322054, 1990, 0.1592
0.046787588618051365, 1988, 0.15904
0.048652844886596935, 2033, 0.16264
0.03327379468039952, 1504, 0.12032
0.05858437828391974, 2520, 0.2016
0.05092293997322229, 2192, 0.17536
0.06286787873703845, 2575, 0.206
0.049678658876269294, 2152, 0.17216
0.042272646673683884, 1870, 0.1496
0.04414192374253521, 1920, 0.1536
0.05450776413116181, 2325, 0.186
0.0511921603532696, 2187, 0.17496
0.03437759100721915, 1533, 0.12264
0.036804836226334105, 1566, 0.12528
0.05607135875519162, 2388, 0.19104
0.04895741047880454, 2111, 0.16888
0.03103712874055271, 1393, 0.11144
0.051602690863224006, 2253, 0.18024
0.03507218275733787, 1562, 0.12496
0.055735459681665434, 2425, 0.194
0.03302363916077565, 1522, 0.12176
0.02907655527814167, 1324, 0.10592
0.03526078848826371, 1526, 0.12208
0.03965237580202746, 1760, 0.1408
0.011352436607827207, 537, 0.04296
0.05249145636980216, 2167, 0.17336
0.04841812169913154, 2109, 0.16872
0.056975984760337606, 2430, 0.1944
0.042409808294570556, 1833, 0.14664
0.048713464270619, 2165, 0.1732
0.048216086308986356, 2175, 0.174
0.05657751014756776, 2331, 0.18648
0.02887456080981354, 1241, 0.09928
0.024232118600470313, 1084, 0.08672
0.053473806122138236, 2272, 0.18176
0.04678619998205729, 1990, 0.1592
0.052199260525156534, 2200, 0.176
0.04269977936740982, 1805, 0.1444
0.0499597069658068, 2229, 0.17832
0.047487278903234675, 2053, 0.16424
0.04448823864686012, 1913, 0.15304
0.03558786025228532, 1587, 0.12696
0.034925530875306136, 1514, 0.12112
0.051953713600615146, 2166, 0.17328
0.04921031813302146, 2140, 0.1712
0.048606185514101556, 2145, 0.1716
0.0508576891576534, 2184, 0.17472
0.052551246177337134, 2242, 0.17936
0.033085768538942024, 1479, 0.11832
0.03722016263742911, 1651, 0.13208
0.05790082661634934, 2447, 0.19576
0.024775590821245655, 1070, 0.0856
0.055750550948010694, 2351, 0.18808
0.04641028010375919, 1950, 0.156
0.05096548384942156, 2185, 0.1748
0.05040112073617379, 2195, 0.1756
0.05374674476631396, 2301, 0.18408
0.06572878438720726, 2704, 0.21632
0.05016077827833152, 2119, 0.16952
0.02076969575525774, 939, 0.07512
0.06292452131715595, 2625, 0.21
0.04434210497898245, 1912, 0.15296
0.05387554731775728, 2229, 0.17832
0.038249100492647736, 1661, 0.13288
0.049857197757645036, 2123, 0.16984
0.05283513086482629, 2225, 0.178
0.05261351990547719, 2277, 0.18216
0.04957116280817495, 2177, 0.17416
0.03471646981959691, 1551, 0.12408
0.04042731194476027, 1767, 0.14136
0.03833864293675321, 1627, 0.13016
0.0379986290843828, 1690, 0.1352
0.06464961292370554, 2686, 0.21488
0.06606278255879788, 2683, 0.21464
0.060869365806799546, 2581, 0.20648
0.024610133166471006, 1147, 0.09176
0.039605296739004016, 1696, 0.13568
0.043806068344702936, 1912, 0.15296
0.04588791887891563, 1969, 0.15752
0.05913273737409391, 2521, 0.20168
0.056060893511877645, 2372, 0.18976
0.07088251864554322, 2893, 0.23144
0.03714302136183605, 1613, 0.12904
0.0452190747901224, 1939, 0.15512
0.047845798564897866, 2067, 0.16536
0.04875043157930768, 2077, 0.16616
0.044518456320254404, 1930, 0.1544
0.03969025335496819, 1801, 0.14408
0.051751694211795735, 2235, 0.1788
0.04670151770911108, 1995, 0.1596
0.05962084819653756, 2542, 0.20336
0.04472875878960394, 2024, 0.16192
0.056208004658076766, 2336, 0.18688
0.0524727335325278, 2213, 0.17704
0.07011787427155979, 2846, 0.22768
0.04428548079349068, 1901, 0.15208
0.05232110396046008, 2205, 0.1764
0.02558051114402483, 1186, 0.09488
0.038918743119338205, 1710, 0.1368
0.05800743773806905, 2389, 0.19112
0.030312224373384856, 1351, 0.10808
0.05138618678826981, 2199, 0.17592
0.03753355899202449, 1687, 0.13496
0.04862712078372314, 2065, 0.1652
0.050709127503218265, 2172, 0.17376
0.05488389523496155, 2318, 0.18544
0.023234097150222316, 1013, 0.08104
0.057632353566325914, 2427, 0.19416
0.04247456624476024, 1902, 0.15216
0.06544750642520261, 2719, 0.21752
0.05679789033836136, 2388, 0.19104
0.04840922280171104, 2126, 0.17008
0.041411472672211985, 1770, 0.1416
0.02576060256412927, 1160, 0.0928
0.05270181645827078, 2290, 0.1832
0.04553644487616305, 1956, 0.15648
0.06202156536861595, 2567, 0.20536
0.060919790714411774, 2530, 0.2024
0.028123524053031958, 1224, 0.09792
0.05404577453520295, 2374, 0.18992
0.060067067407410794, 2493, 0.19944
0.07030451784043744, 2851, 0.22808
0.0394555708264627, 1768, 0.14144
0.06118007164157661, 2577, 0.20616
0.03548313859319164, 1574, 0.12592
0.07273671017951013, 3031, 0.24248
0.042881041935862674, 1908, 0.15264
0.06449056701339531, 2621, 0.20968
0.03464110790395919, 1518, 0.12144
0.04690323191222432, 2010, 0.1608
0.03906684662065352, 1712, 0.13696
0.0502865096824315, 2198, 0.17584
0.03393920360328559, 1527, 0.12216
0.04818261131740684, 2108, 0.16864
0.037640755168244784, 1728, 0.13824
0.042210165679476996, 1845, 0.1476
0.04015137345733162, 1764, 0.14112
0.03935508536394501, 1763, 0.14104
0.05962837245819239, 2395, 0.1916
0.043847579674800054, 1933, 0.15464
0.05598932342379055, 2425, 0.194
0.059556267324737545, 2574, 0.20592
0.03664275116605528, 1614, 0.12912
0.046175918608257205, 2051, 0.16408
0.04237271417240982, 1871, 0.14968
0.05660260191374241, 2439, 0.19512
0.048932976047458845, 2007, 0.16056
0.041135476289452966, 1821, 0.14568
0.030454356297685524, 1387, 0.11096
0.02302810987888632, 1013, 0.08104
0.04161286187216517, 1757, 0.14056
0.05088048341930315, 2094, 0.16752
0.04818490984747387, 2036, 0.16288
0.048342741260201105, 2107, 0.16856
0.04312568682554934, 1827, 0.14616
0.04629152731198977, 1980, 0.1584
0.05532155163847012, 2340, 0.1872
0.03786717797398894, 1639, 0.13112
0.04029855209079525, 1716, 0.13728
0.04604863957989729, 1964, 0.15712
0.043941958247028894, 1923, 0.15384
0.047271155627386166, 2053, 0.16424
0.05234933352178991, 2284, 0.18272
0.0518077889783518, 2234, 0.17872
0.03873404839063372, 1778, 0.14224
0.04911137033915053, 2113, 0.16904
0.05205266764064051, 2194, 0.17552
0.05214368368561822, 2219, 0.17752
0.03592307335418179, 1573, 0.12584
0.056887302991452754, 2443, 0.19544
0.051609899495846975, 2197, 0.17576
0.027702391450088588, 1252, 0.10016
0.03945252625319056, 1718, 0.13744
0.033049290169301554, 1541, 0.12328
0.04305904513741997, 1907, 0.15256
0.05087014806862537, 2169, 0.17352
0.05518107206072488, 2363, 0.18904
0.03784581431252657, 1706, 0.13648
0.04094643200528596, 1748, 0.13984
0.032228587950950634, 1435, 0.1148
0.044635424309801976, 1916, 0.15328
0.04147976728875824, 1781, 0.14248
0.058882205977347106, 2413, 0.19304
0.052226281176994696, 2308, 0.18464
0.06539609841058298, 2631, 0.21048
0.05191756108275065, 2278, 0.18224
0.03684860977673903, 1616, 0.12928
0.04147683154956869, 1822, 0.14576
0.06327873941762764, 2650, 0.212
0.056942800406617526, 2420, 0.1936
0.036896112434565496, 1581, 0.12648
0.03534883415393572, 1549, 0.12392
0.06303370355373182, 2610, 0.2088
0.04289183100915787, 1841, 0.14728
0.045725251462617564, 1945, 0.1556
0.04059724803013781, 1698, 0.13584
0.053487175601060394, 2282, 0.18256
0.052634709039602094, 2279, 0.18232
0.03111247656173543, 1409, 0.11272
0.03849974432264648, 1657, 0.13256
0.045186587726827904, 1893, 0.15144
0.05278134156449788, 2276, 0.18208
0.06149454033013038, 2604, 0.20832
0.04439449807630452, 1878, 0.15024
0.0360961229622206, 1533, 0.12264
0.05073359420483023, 2213, 0.17704
0.034623371081900035, 1510, 0.1208
0.05340249990752632, 2147, 0.17176
0.0404396329056758, 1775, 0.142
0.044744220245156126, 1866, 0.14928
0.053372681765617706, 2278, 0.18224
0.021538828216942234, 990, 0.0792
0.04097649127243327, 1756, 0.14048
0.03220087430058741, 1504, 0.12032
0.04334459144855209, 1935, 0.1548
0.03456528458394741, 1518, 0.12144
0.06036213660765827, 2573, 0.20584
0.04288871662946418, 1848, 0.14784
0.029903797557429956, 1274, 0.10192
0.05240878277781133, 2273, 0.18184
0.06665685832289811, 2774, 0.22192
0.03821575499403968, 1725, 0.138
0.04985437460451623, 2118, 0.16944
0.049862114220672875, 2179, 0.17432
0.03330551627514896, 1471, 0.11768
0.055181779861596614, 2353, 0.18824
0.047957652071945814, 2061, 0.16488
0.04356708214637754, 1922, 0.15376
0.0404856708189779, 1803, 0.14424
0.04367686983347211, 1850, 0.148
0.03943751822618049, 1767, 0.14136
0.04248357080608829, 1792, 0.14336
0.05067723088741753, 2136, 0.17088
0.05396125761769508, 2275, 0.182
0.049978470367187805, 2140, 0.1712
0.04763197561156888, 2026, 0.16208
0.05718418230703764, 2452, 0.19616
0.046067651243529385, 2002, 0.16016
0.057618487426606725, 2448, 0.19584
0.05023292337167827, 2233, 0.17864
0.02368482387528711, 1128, 0.09024
0.04967346773973638, 2085, 0.1668
0.04157927077642284, 1842, 0.14736
0.04121688546948056, 1744, 0.13952
0.06107968033358805, 2542, 0.20336
0.04986195754275674, 2003, 0.16024
0.06031080998709174, 2541, 0.20328
0.053155903281538165, 2311, 0.18488
0.05043752596086095, 2202, 0.17616
0.032938892321635854, 1462, 0.11696
0.05736361932935227, 2366, 0.18928
0.04122431110778455, 1772, 0.14176
0.041786142608302664, 1770, 0.1416
0.061411595705943324, 2624, 0.20992
0.054410242944205316, 2260, 0.1808
0.027544312749569748, 1245, 0.0996
0.03391461981272479, 1503, 0.12024
0.04766416081293929, 2043, 0.16344
0.05214459121732209, 2312, 0.18496
0.03888499188099036, 1749, 0.13992
0.036808516905371076, 1680, 0.1344
0.03990336614478191, 1788, 0.14304
0.04830678429434027, 2131, 0.17048
0.06191416484493691, 2568, 0.20544
0.02628498134402419, 1205, 0.0964
0.048375916725751054, 2084, 0.16672
0.05928234599123361, 2525, 0.202
0.05171106193608987, 2244, 0.17952
0.040024865180788786, 1784, 0.14272
0.05771053455368292, 2381, 0.19048
0.04730575541267955, 2052, 0.16416
0.03939861948716849, 1709, 0.13672
0.052878167252915706, 2282, 0.18256
0.05691949283010668, 2466, 0.19728
0.04521328988575506, 1947, 0.15576
0.04575303478413496, 1947, 0.15576
0.035612181515628505, 1591, 0.12728
0.037126382293111305, 1662, 0.13296
0.05184643011999535, 2187, 0.17496
0.054520757854910465, 2320, 0.1856
0.046027700078794934, 1992, 0.15936
0.028690653144974917, 1308, 0.10464
0.0557241921149767, 2326, 0.18608
0.041321823598053815, 1815, 0.1452
0.046297300366182896, 2041, 0.16328
0.05968709315064508, 2527, 0.20216
0.05075007178603153, 2187, 0.17496
0.0535112403153143, 2336, 0.18688
0.03586270469678646, 1610, 0.1288
0.039126197673984446, 1748, 0.13984
0.04394585482582451, 1887, 0.15096
0.0455993918185704, 2016, 0.16128
0.04731524943788145, 2000, 0.16
0.048739380532309695, 2038, 0.16304
0.06368741318138285, 2603, 0.20824
0.03380799898756502, 1454, 0.11632
0.02732267053568842, 1234, 0.09872
0.04087978960917153, 1806, 0.14448
0.04177221503014146, 1776, 0.14208
0.044518119711795916, 1892, 0.15136
0.035278731678730184, 1603, 0.12824
0.050144873701829004, 2170, 0.1736
0.04647047907449189, 2020, 0.1616
0.05316806418662308, 2310, 0.1848
0.04780292765878645, 2116, 0.16928
0.04261879818065651, 1894, 0.15152
0.054935034460652, 2255, 0.1804
0.05121319721834753, 2216, 0.17728
0.05545022218101643, 2255, 0.1804
0.0373441904887589, 1624, 0.12992
0.03854304774603526, 1660, 0.1328
0.06783802008274421, 2735, 0.2188
0.024444153136594468, 1060, 0.0848
0.02423554226856535, 1122, 0.08976
0.03656737592995767, 1623, 0.12984
0.038712644697951305, 1660, 0.1328
0.054999615144085946, 2308, 0.18464
0.045942538349878825, 2023, 0.16184
0.044763942277178295, 1902, 0.15216
0.043581693746633336, 1837, 0.14696
0.0554163232374001, 2311, 0.18488
0.03687352496691868, 1581, 0.12648
0.06288190269099293, 2614, 0.20912
0.05913801620082616, 2532, 0.20256
0.028533122812839345, 1338, 0.10704
0.02754357382300711, 1241, 0.09928
0.04647925793623749, 1945, 0.1556
0.06285492163308762, 2604, 0.20832
0.04266885013349838, 1843, 0.14744
0.04614860217146072, 1994, 0.15952
0.048080851837249104, 2113, 0.16904
0.04592872562054494, 1979, 0.15832
0.055139432936972654, 2298, 0.18384
0.05706990275418458, 2362, 0.18896
0.04741647584500191, 2045, 0.1636
0.03865995196674316, 1738, 0.13904
0.05759534579676576, 2420, 0.1936
0.04473171217307584, 1921, 0.15368
0.022086427997121252, 1011, 0.08088
0.04251511055666238, 1909, 0.15272
0.05886302277334357, 2530, 0.2024
0.045983092467785, 2069, 0.16552
0.0597212691207178, 2503, 0.20024
0.05607707503330228, 2442, 0.19536
0.053852792331500705, 2293, 0.18344
0.030857565251111108, 1394, 0.11152
0.05235956617350161, 2258, 0.18064
0.04963009805283875, 2152, 0.17216
0.046004558145524725, 1921, 0.15368
0.05021659212027193, 2169, 0.17352
0.0468067630984648, 2027, 0.16216
0.054023415307450716, 2272, 0.18176
0.03453121823814811, 1478, 0.11824
0.048044916946871276, 2082, 0.16656
0.027150645045867092, 1233, 0.09864
0.05540533915238554, 2268, 0.18144
0.05372160607101846, 2296, 0.18368
0.028731575814104668, 1275, 0.102
0.04395457790192536, 1936, 0.15488
0.031350397487218275, 1400, 0.112
0.04684467179809651, 2006, 0.16048
0.043044628094481965, 1839, 0.14712
0.0515291873288301, 2238, 0.17904
0.055409004914053615, 2354, 0.18832
0.03384400519160859, 1472, 0.11776
0.04505810951130847, 1969, 0.15752
0.05062836052449718, 2185, 0.1748
0.04869949805733345, 2084, 0.16672
0.046431951251068526, 2056, 0.16448
0.05305039393179119, 2225, 0.178
0.06109391767251226, 2550, 0.204
0.04785577656178976, 2112, 0.16896
0.02800744148387323, 1332, 0.10656
0.039368791451016266, 1716, 0.13728
0.048915373004734856, 2155, 0.1724
0.019626773675041613, 886, 0.07088
0.04113150241747708, 1776, 0.14208
0.03651372299623571, 1640, 0.1312
0.045461893764544875, 2008, 0.16064
0.05155699649581871, 2192, 0.17536
0.05193556089052371, 2232, 0.17856
0.04065461672815684, 1734, 0.13872
0.04511288986599244, 1957, 0.15656
0.04769618122508563, 2072, 0.16576
0.0486063312521403, 2042, 0.16336
0.03496092631612876, 1530, 0.1224
0.05466228921018532, 2339, 0.18712
0.0509122822422175, 2246, 0.17968
0.048735863041967614, 2053, 0.16424
0.039566471336336784, 1722, 0.13776
0.059966792880845166, 2492, 0.19936
0.04753053238061715, 2031, 0.16248
0.05065889712143159, 2174, 0.17392
0.04860363626513929, 2072, 0.16576
0.048339975924062695, 2032, 0.16256
0.019269452135464826, 874, 0.06992
0.0478912877804483, 2074, 0.16592
0.05294405748674315, 2262, 0.18096
0.04104712363397922, 1790, 0.1432
0.060174425200001394, 2476, 0.19808
0.03971009718323044, 1746, 0.13968
0.044598982571067564, 1999, 0.15992
0.05479019129765809, 2244, 0.17952
0.04332033670574573, 1857, 0.14856
0.0649369885487892, 2593, 0.20744
0.04547646491354682, 1999, 0.15992
0.05059061018719351, 2131, 0.17048
0.05070856895630831, 2201, 0.17608
0.02984869449881077, 1353, 0.10824
0.04906690025565718, 2147, 0.17176
0.03809499778139428, 1610, 0.1288
0.048740723358003356, 2106, 0.16848
0.04090283250598868, 1801, 0.14408
0.04198107507554225, 1849, 0.14792
0.04745607187952172, 2022, 0.16176
0.047416170548810456, 1943, 0.15544
0.055717719375673276, 2307, 0.18456
0.04984080638645403, 2166, 0.17328
0.04414623849898878, 1942, 0.15536
0.0229733607794066, 1133, 0.09064
0.061816260292649666, 2488, 0.19904
0.025848555001841127, 1125, 0.09
0.049586617881807155, 2093, 0.16744
0.03730553643338408, 1677, 0.13416
0.03013033893213896, 1391, 0.11128
0.041759137382093366, 1854, 0.14832
0.04613920274711166, 2035, 0.1628
0.028722883771226372, 1257, 0.10056
0.06381473331506449, 2715, 0.2172
0.05464348427123513, 2308, 0.18464
0.0369344106665195, 1598, 0.12784
0.039144285395252866, 1719, 0.13752
0.0514325500537724, 2147, 0.17176
0.051882268810030226, 2183, 0.17464
0.030913549149292514, 1348, 0.10784
0.048504023198291564, 2153, 0.17224
0.018519490588108947, 836, 0.06688
0.046433874869456875, 2023, 0.16184
0.0557506884676726, 2363, 0.18904
0.046700261221382905, 2028, 0.16224
0.0374693591358791, 1678, 0.13424
0.04308588135125564, 1864, 0.14912
0.04471588646669077, 1963, 0.15704
0.06047536008664614, 2470, 0.1976
0.04655116439824194, 2075, 0.166
0.03471168053496668, 1564, 0.12512
0.05051466460001891, 2104, 0.16832
0.06249143333303247, 2569, 0.20552
0.034806681027625255, 1579, 0.12632
0.035989032824636925, 1590, 0.1272
0.04971386352307761, 2162, 0.17296
0.02918874886176333, 1309, 0.10472
0.045317644429483765, 1919, 0.15352
0.05469685551515043, 2343, 0.18744
0.049104525858776386, 2099, 0.16792
0.046941089668757006, 2074, 0.16592
0.05631196365711203, 2372, 0.18976
0.028199656919231406, 1286, 0.10288
0.06228482651021283, 2577, 0.20616
0.06757196535561746, 2737, 0.21896
0.06110419922107676, 2597, 0.20776
0.022444359838146598, 1019, 0.08152
0.04382803567657634, 1851, 0.14808
0.05620678889360637, 2365, 0.1892
0.03533736168128031, 1552, 0.12416
0.046455851818377594, 1943, 0.15544
0.04614800481378662, 1979, 0.15832
0.048360920102753426, 2041, 0.16328
0.049540181642287705, 2118, 0.16944
0.0536938134536823, 2288, 0.18304
0.05362167069367817, 2245, 0.1796
0.04217037273413492, 1863, 0.14904
0.04627432469340692, 1959, 0.15672
0.06746380050672975, 2770, 0.2216
0.05441989278528388, 2261, 0.18088
0.052502563663837, 2235, 0.1788
0.04260767667053735, 1902, 0.15216
0.05646098595672914, 2343, 0.18744
0.06151030038355925, 2580, 0.2064
0.04894162104727489, 2125, 0.17
0.05124172043314142, 2221, 0.17768
0.045724415948920606, 1932, 0.15456
0.04372945113943225, 1907, 0.15256
0.02962244495750611, 1361, 0.10888
0.05660651520913409, 2357, 0.18856
0.046697695672905964, 1995, 0.1596
0.04614864198823796, 2032, 0.16256
0.05951229517928393, 2424, 0.19392
0.05842741615128688, 2493, 0.19944
0.05009761430586365, 2119, 0.16952
0.06137850996132097, 2545, 0.2036
0.04761809918616239, 2051, 0.16408
0.04769795574165283, 2089, 0.16712
0.05487380261945748, 2336, 0.18688
0.029307270017181426, 1300, 0.104
0.052545380241330875, 2288, 0.18304
0.060058676516081426, 2548, 0.20384
0.05268346366064175, 2222, 0.17776
0.07164692742506733, 2872, 0.22976
0.046369284998975475, 1933, 0.15464
0.05295219277169133, 2305, 0.1844
0.050668105372420495, 2119, 0.16952
0.03849833246119488, 1701, 0.13608
0.04069916053145723, 1823, 0.14584
0.033702101861572756, 1541, 0.12328
0.05565009559764627, 2305, 0.1844
0.037534483093702414, 1701, 0.13608
0.05941040189527681, 2405, 0.1924
0.058984388995182734, 2444, 0.19552
0.05870869821279578, 2479, 0.19832
0.05544575776087956, 2339, 0.18712
0.027476378859659274, 1250, 0.1
0.03543838313877683, 1578, 0.12624
0.04115146068199107, 1828, 0.14624
0.05560449460276878, 2319, 0.18552
0.046538628565404444, 2009, 0.16072
0.047498973963002886, 2135, 0.1708
0.049038507333964275, 2143, 0.17144
0.03517266175624208, 1624, 0.12992
0.03614320962570035, 1607, 0.12856
0.05086561670723477, 2180, 0.1744
0.053831356524868354, 2383, 0.19064
0.04678813841507512, 2010, 0.1608
0.053597795971252776, 2318, 0.18544
0.03423706327175347, 1475, 0.118
0.05813128250125099, 2451, 0.19608
0.04925494974757072, 2083, 0.16664
0.04044777019859477, 1798, 0.14384
0.046714290494174894, 2033, 0.16264
0.030811777198396936, 1429, 0.11432
0.0464331716451596, 2017, 0.16136
0.0603477213582909, 2529, 0.20232
0.04208585286383453, 1833, 0.14664
0.06005969417189269, 2509, 0.20072
0.042994290359612865, 1858, 0.14864
0.048040057780710285, 2053, 0.16424
0.0600694924623675, 2431, 0.19448
0.05469693121574625, 2319, 0.18552
0.05302665360699706, 2257, 0.18056
0.05689245732324978, 2338, 0.18704
0.06335250799841843, 2644, 0.21152
0.04756123931916445, 2047, 0.16376
0.03712764245414729, 1671, 0.13368
0.053502183798993685, 2253, 0.18024
0.054675513116204714, 2286, 0.18288
0.06131591736277022, 2559, 0.20472
0.040562978203398624, 1678, 0.13424
0.03341162451103837, 1507, 0.12056
0.046408398784396176, 2109, 0.16872
0.057398968190601904, 2451, 0.19608
0.06281924037029163, 2605, 0.2084
0.0601429876739097, 2540, 0.2032
0.05452685896215384, 2373, 0.18984
0.040393297587592095, 1839, 0.14712
0.045265684650760106, 1899, 0.15192
0.05108788163947662, 2137, 0.17096
0.01286408497923748, 623, 0.04984
0.04223597697247053, 1869, 0.14952
0.04468659044646948, 1997, 0.15976
0.04679681054640778, 2011, 0.16088
0.04593882055375855, 1985, 0.1588
0.04748815106150881, 2122, 0.16976
0.05513646117885157, 2405, 0.1924
0.05155326494106063, 2227, 0.17816
0.05715956514543915, 2360, 0.1888
0.058205241157313264, 2485, 0.1988
0.042491170139512625, 1898, 0.15184
0.058557864866081416, 2491, 0.19928
0.030644691079459344, 1411, 0.11288
0.04618059368046177, 1930, 0.1544
0.04080730440171036, 1785, 0.1428
0.05045245313073126, 2181, 0.17448
0.038805334773611165, 1816, 0.14528
0.0485612304633993, 2214, 0.17712
0.046741854022207686, 2025, 0.162
0.053027341470102976, 2193, 0.17544
0.02311845472855816, 1051, 0.08408
0.05318100986034397, 2262, 0.18096
0.051541764454390744, 2168, 0.17344
0.04819965459319201, 2007, 0.16056
0.04599324256460463, 2037, 0.16296
0.05896534068542658, 2508, 0.20064
0.04130949868300058, 1787, 0.14296
0.04961290160608986, 2144, 0.17152
0.04645375318210628, 1974, 0.15792
0.0399926025343234, 1764, 0.14112
0.05754361175669454, 2364, 0.18912
0.05571853161362543, 2376, 0.19008
0.03954546811267591, 1720, 0.1376
0.037780595362243014, 1698, 0.13584
0.059279370163813155, 2464, 0.19712
0.03636824680565232, 1613, 0.12904
0.04014253210632656, 1785, 0.1428
0.032326197870480584, 1416, 0.11328
0.05767010805773486, 2446, 0.19568
0.04872510998223327, 2060, 0.1648
0.06346757815444005, 2621, 0.20968
0.05181229493171662, 2213, 0.17704
0.03657753767939135, 1612, 0.12896
0.062345277745913155, 2565, 0.2052
0.04771298046340709, 2055, 0.1644
0.050930541439265224, 2126, 0.17008
0.05186557978599408, 2249, 0.17992
0.03912972940527015, 1764, 0.14112
0.05941397663474542, 2544, 0.20352
0.06216620388057315, 2605, 0.2084
0.04317808301693343, 1887, 0.15096
0.04181915825771682, 1828, 0.14624
0.051127917573949876, 2157, 0.17256
0.05384674306816397, 2311, 0.18488
0.0553036714594503, 2316, 0.18528
0.04016139116506634, 1733, 0.13864
0.056297495712784994, 2370, 0.1896
0.05140485285048663, 2222, 0.17776
0.05561632031255356, 2267, 0.18136
0.04338747345841318, 1841, 0.14728
0.023985435082256718, 1073, 0.08584
0.026055683997886582, 1155, 0.0924
0.039406018131158425, 1684, 0.13472
0.057498904679828336, 2447, 0.19576
0.03730148073593175, 1695, 0.1356
0.05399210646364206, 2299, 0.18392
0.06647353705423065, 2717, 0.21736
0.05437666308760912, 2424, 0.19392
0.0359359169469406, 1587, 0.12696
0.04043604774492583, 1795, 0.1436
0.03662577635227908, 1601, 0.12808
0.05782159674514738, 2456, 0.19648
0.05276026939692764, 2253, 0.18024
0.05387019495917146, 2254, 0.18032
0.048622208535527844, 2133, 0.17064
0.03743256981994564, 1627, 0.13016
0.055454920076915465, 2351, 0.18808
0.05607192622064816, 2399, 0.19192
0.02592955872594809, 1130, 0.0904
0.028665957484120014, 1270, 0.1016
0.039844978381691716, 1744, 0.13952
0.03188112951798896, 1414, 0.11312
0.05378508788092644, 2256, 0.18048
0.05386320564425713, 2294, 0.18352
0.05496765603983605, 2322, 0.18576
0.035935440630715854, 1654, 0.13232
0.030668856156231983, 1381, 0.11048
0.03003084287634271, 1296, 0.10368
0.052813632265226514, 2419, 0.19352
0.038547633464346386, 1694, 0.13552
0.039304387864547125, 1756, 0.14048
0.05021686880649957, 2158, 0.17264
0.03393117175830633, 1552, 0.12416
0.05501256122813299, 2379, 0.19032
0.05332350978874121, 2338, 0.18704
0.054597590364279816, 2337, 0.18696
0.05305983253755321, 2252, 0.18016
0.03993668347306055, 1738, 0.13904
0.04060689539577505, 1803, 0.14424
0.041025395015484925, 1807, 0.14456
0.03400439177712984, 1528, 0.12224
0.05152964560384412, 2241, 0.17928
0.05590646834223119, 2394, 0.19152
0.057976096805348785, 2478, 0.19824
0.04551940738380855, 1882, 0.15056
0.04230576635098154, 1852, 0.14816
0.040806656806700425, 1714, 0.13712
0.045554834777492476, 2043, 0.16344
0.04825310316555468, 1992, 0.15936
0.056422827893762455, 2376, 0.19008
0.04667701790785859, 2036, 0.16288
0.033043294040808656, 1488, 0.11904
0.04424753496846113, 1925, 0.154
0.03527771916536564, 1538, 0.12304
0.049766558922208166, 2129, 0.17032
0.056529510782645336, 2372, 0.18976
0.036071613782209085, 1588, 0.12704
0.053721795871686365, 2273, 0.18184
0.07505231073655493, 2990, 0.2392
0.04953115133368763, 2167, 0.17336
0.06243216184329525, 2580, 0.2064
0.027012950049348505, 1289, 0.10312
0.04343474788884503, 1913, 0.15304
0.042920120569895207, 1873, 0.14984
0.04620218341014246, 1954, 0.15632
0.040098922045375185, 1722, 0.13776
0.03764663511735943, 1694, 0.13552
0.03168206403580698, 1414, 0.11312
0.03259121962672371, 1413, 0.11304
