Time to failure, Number of defective sites, Fraction of defect
0.03631007244658823, 2366, 0.18928
0.02592685815422547, 1819, 0.14552
0.048630577124300606, 3027, 0.24216
0.0266575807577865, 1768, 0.14144
0.0386709690521673, 2426, 0.19408
0.03213523748470052, 2044, 0.16352
0.04311913095843253, 2706, 0.21648
0.045908053519919334, 2873, 0.22984
0.03700645642135458, 2375, 0.19
0.039568537708311306, 2544, 0.20352
0.046315234101493345, 2829, 0.22632
0.026634235414851642, 1788, 0.14304
0.038393483932647854, 2468, 0.19744
0.04565337227664667, 2851, 0.22808
0.03638569769538274, 2455, 0.1964
0.0466341049652283, 2845, 0.2276
0.03107092007525402, 2033, 0.16264
0.03780360885782144, 2408, 0.19264
0.04439310326182787, 2755, 0.2204
0.0342533320945204, 2226, 0.17808
0.04050432063977299, 2533, 0.20264
0.04463310324289, 2836, 0.22688
0.04742886496749812, 2849, 0.22792
0.02414142202361882, 1596, 0.12768
0.050331088120491384, 3084, 0.24672
0.04102451038346254, 2581, 0.20648
0.031259450652127714, 2062, 0.16496
0.05278891058880257, 3174, 0.25392
0.04394538375911914, 2800, 0.224
0.030022843533354507, 1881, 0.15048
0.03720120582995059, 2438, 0.19504
0.048913906921759495, 3023, 0.24184
0.05186076259033075, 3084, 0.24672
0.0392454892953275, 2575, 0.206
0.04426770423141881, 2726, 0.21808
0.024738666794321785, 1702, 0.13616
0.05438739490111173, 3225, 0.258
0.040122457651595445, 2521, 0.20168
0.05414183929104336, 3137, 0.25096
0.03567173564262197, 2285, 0.1828
0.04239148037530192, 2621, 0.20968
0.02073579907355512, 1410, 0.1128
0.034379710007773456, 2258, 0.18064
0.03069596014899996, 1984, 0.15872
0.040983474884347525, 2605, 0.2084
0.04878473424304614, 3025, 0.242
0.05568736711069085, 3261, 0.26088
0.04242110333079407, 2602, 0.20816
0.03825245856947539, 2436, 0.19488
0.03494621776966645, 2299, 0.18392
0.04434894901208096, 2727, 0.21816
0.057550558530386424, 3495, 0.2796
0.04271844906536301, 2679, 0.21432
0.03185698086940645, 2030, 0.1624
0.01953063495092315, 1284, 0.10272
0.036189578049154396, 2255, 0.1804
0.0426102206823807, 2704, 0.21632
0.039318776418221964, 2546, 0.20368
0.05070905808004472, 3117, 0.24936
0.05090820334048345, 3181, 0.25448
0.050970601443351526, 3067, 0.24536
0.04527541662565741, 2851, 0.22808
0.06119728876874266, 3552, 0.28416
0.035668138048645784, 2222, 0.17776
0.03437786079238992, 2242, 0.17936
0.03295257358225449, 2120, 0.1696
0.04111896304861445, 2531, 0.20248
0.05282453111651028, 3110, 0.2488
0.026945113435807844, 1820, 0.1456
0.041718763916450415, 2611, 0.20888
0.04350025958569914, 2732, 0.21856
0.04142157225620005, 2598, 0.20784
0.0317658250190416, 2020, 0.1616
0.02615888391764584, 1843, 0.14744
0.03545035766093016, 2295, 0.1836
0.036103628648896983, 2335, 0.1868
0.04080986164485852, 2534, 0.20272
0.04078921710761513, 2582, 0.20656
0.051989101250196075, 3150, 0.252
0.030467271420887076, 2014, 0.16112
0.040675191056663396, 2472, 0.19776
0.03977534990525632, 2604, 0.20832
0.044028491364821856, 2815, 0.2252
0.03316409641122813, 2179, 0.17432
0.036630311044037994, 2320, 0.1856
0.041459284345951274, 2634, 0.21072
0.019317652460077026, 1351, 0.10808
0.03382431183319075, 2231, 0.17848
0.01739210051375581, 1231, 0.09848
0.04398526775774738, 2775, 0.222
0.04229791151098193, 2716, 0.21728
0.0354513666490644, 2282, 0.18256
0.038738855414379034, 2498, 0.19984
0.04725992272652544, 2905, 0.2324
0.03393276535439897, 2207, 0.17656
0.03289887100479029, 2144, 0.17152
0.06056818493518836, 3590, 0.2872
0.026973710856372898, 1811, 0.14488
0.044968782273223505, 2776, 0.22208
0.03904153144178133, 2449, 0.19592
0.03366308607153788, 2152, 0.17216
0.03033520781867857, 1901, 0.15208
0.05137932617375755, 3053, 0.24424
0.04964412095439449, 3010, 0.2408
0.03878162517860708, 2542, 0.20336
0.027009837316871878, 1781, 0.14248
0.03951606985128678, 2498, 0.19984
0.03224792304113746, 2138, 0.17104
0.04248521006325983, 2622, 0.20976
0.047839262498865054, 2975, 0.238
0.03474786056110955, 2329, 0.18632
0.03001127442642571, 1986, 0.15888
0.036468472611032525, 2377, 0.19016
0.02214746060287248, 1461, 0.11688
0.02318193844583597, 1523, 0.12184
0.041877288349085454, 2621, 0.20968
0.04368191756908304, 2690, 0.2152
0.039432948067360654, 2514, 0.20112
0.023190689392436625, 1592, 0.12736
0.04917515737769837, 3008, 0.24064
0.044926167505945906, 2799, 0.22392
0.020441100733481852, 1362, 0.10896
0.028306495708113062, 1827, 0.14616
0.03713908366250008, 2367, 0.18936
0.02805310391552634, 1939, 0.15512
0.03690943947165431, 2333, 0.18664
0.05077448381870759, 3101, 0.24808
0.02632282990868862, 1800, 0.144
0.048768132593038395, 2966, 0.23728
0.04924282423763138, 3041, 0.24328
0.0477233798565492, 2953, 0.23624
0.05140844163720345, 3115, 0.2492
0.03376849277991882, 2151, 0.17208
0.02323087604238107, 1563, 0.12504
0.0462108634515434, 2865, 0.2292
0.0342656126947502, 2213, 0.17704
0.043103415336974635, 2665, 0.2132
0.0458135736628005, 2764, 0.22112
0.05497429700958665, 3246, 0.25968
0.045229649086090125, 2869, 0.22952
0.045022813426430205, 2773, 0.22184
0.03553419518038587, 2364, 0.18912
0.04473078549743377, 2786, 0.22288
0.05397183674752503, 3267, 0.26136
0.04558789924560439, 2773, 0.22184
0.0405673354227235, 2528, 0.20224
0.03010974334788974, 1966, 0.15728
0.03662301485458997, 2342, 0.18736
0.04025796096980123, 2545, 0.2036
0.04178877949233268, 2563, 0.20504
0.049401685459476416, 3029, 0.24232
0.022705680459105117, 1529, 0.12232
0.044997121280856214, 2797, 0.22376
0.041147718165079505, 2548, 0.20384
0.03957005124460508, 2536, 0.20288
0.04065693855967143, 2589, 0.20712
0.03898107851846268, 2524, 0.20192
0.04706137816329688, 2871, 0.22968
0.04230997020049301, 2676, 0.21408
0.01564138207445555, 1084, 0.08672
0.026735260797567943, 1734, 0.13872
0.04488805217533022, 2724, 0.21792
0.03671036226641854, 2368, 0.18944
0.03652200381365879, 2419, 0.19352
0.04305064000669382, 2730, 0.2184
0.038043320505998277, 2380, 0.1904
0.032663243557592876, 2101, 0.16808
0.04927309478267677, 3046, 0.24368
0.03280662155159004, 2227, 0.17816
0.04313409705107178, 2665, 0.2132
0.02817068890434783, 1826, 0.14608
0.04499379817824952, 2873, 0.22984
0.03478857005339169, 2259, 0.18072
0.02631980004755868, 1803, 0.14424
0.021824063805697104, 1519, 0.12152
0.04140937015652292, 2710, 0.2168
0.032496509477867454, 2132, 0.17056
0.03459271949279473, 2264, 0.18112
0.04097786810029072, 2684, 0.21472
0.04095477123954751, 2552, 0.20416
0.05659141546147131, 3319, 0.26552
0.043969287388539564, 2679, 0.21432
0.04530936809101129, 2776, 0.22208
0.050597392456606056, 3074, 0.24592
0.023952365487927663, 1637, 0.13096
0.041916057567494835, 2685, 0.2148
0.034324301016357, 2209, 0.17672
0.05020920338538119, 3043, 0.24344
0.03519846129717713, 2234, 0.17872
0.04105875731984157, 2580, 0.2064
0.01797798139318416, 1294, 0.10352
0.02943065568854535, 1947, 0.15576
0.03642637812595273, 2334, 0.18672
0.03146165115684164, 2045, 0.1636
0.04590258371449511, 2802, 0.22416
0.028708722431255464, 1909, 0.15272
0.024625772070466394, 1645, 0.1316
0.028033737905639424, 1978, 0.15824
0.03472602440430529, 2187, 0.17496
0.03460006960340649, 2259, 0.18072
0.041397157350365, 2661, 0.21288
0.032628043114965276, 2087, 0.16696
0.030116494859728334, 1921, 0.15368
0.033139547524497, 2120, 0.1696
0.04563835561146053, 2873, 0.22984
0.04662060833686669, 2836, 0.22688
0.02921144844618025, 1941, 0.15528
0.053144280715478234, 3160, 0.2528
0.04479985332279033, 2752, 0.22016
0.02602604612412794, 1715, 0.1372
0.031208856287790306, 2055, 0.1644
0.04254747342554021, 2608, 0.20864
0.03260360770517693, 2053, 0.16424
0.037477446529866995, 2365, 0.1892
0.033878976454728, 2190, 0.1752
0.04141106814766427, 2605, 0.2084
0.03954959782104466, 2513, 0.20104
0.036942518201302545, 2410, 0.1928
0.03992447778504328, 2499, 0.19992
0.030495153458387884, 2006, 0.16048
0.034884504268930534, 2193, 0.17544
0.03911287468957302, 2529, 0.20232
0.051549374880082474, 3231, 0.25848
0.04424862726699621, 2734, 0.21872
0.046242670986339086, 2872, 0.22976
0.05027857683370586, 2991, 0.23928
0.03232040586354273, 2172, 0.17376
0.036336232190476186, 2363, 0.18904
0.0446048397769654, 2780, 0.2224
0.03702801515648005, 2402, 0.19216
0.02810369273048859, 1874, 0.14992
0.026191929124680505, 1731, 0.13848
0.03845624420098661, 2411, 0.19288
0.055903596706763155, 3316, 0.26528
0.04865235285974837, 2991, 0.23928
0.05000321708326873, 3072, 0.24576
0.022564338692426474, 1580, 0.1264
0.046576981273876154, 2923, 0.23384
0.03997719302927679, 2514, 0.20112
0.03234024729853124, 2069, 0.16552
0.0404639440322919, 2547, 0.20376
0.04708819914356329, 2940, 0.2352
0.04326785337757326, 2713, 0.21704
0.04810100044046192, 2968, 0.23744
0.04222965887771081, 2607, 0.20856
0.03910689351652637, 2489, 0.19912
0.04500275154317712, 2822, 0.22576
0.03157027964610284, 2089, 0.16712
0.027975470128505077, 1921, 0.15368
0.052920526559049656, 3192, 0.25536
0.03985184414926533, 2580, 0.2064
0.03275217003578422, 2148, 0.17184
0.04214097041082269, 2650, 0.212
0.03904019317885694, 2462, 0.19696
0.03860415099497657, 2573, 0.20584
0.02603872063594143, 1746, 0.13968
0.050656120663518246, 3142, 0.25136
0.03899372378416404, 2490, 0.1992
0.04012429351711431, 2568, 0.20544
0.03463419708710994, 2159, 0.17272
0.03716428329509305, 2407, 0.19256
0.03217420368041518, 2148, 0.17184
0.03560987811052782, 2351, 0.18808
0.039806118998424664, 2495, 0.1996
0.04533869078189254, 2736, 0.21888
0.027341909811899757, 1849, 0.14792
0.0341075602283201, 2293, 0.18344
0.02790696715056026, 1868, 0.14944
0.040015677798458694, 2518, 0.20144
0.03814506661696416, 2390, 0.1912
0.02258069798451606, 1570, 0.1256
0.02921987726180309, 1973, 0.15784
0.04219688451385542, 2594, 0.20752
0.046367642037103154, 2868, 0.22944
0.037393956858619584, 2412, 0.19296
0.03678685651010016, 2446, 0.19568
0.04300424238930325, 2672, 0.21376
0.03238267873325631, 2043, 0.16344
0.030219069255094693, 1977, 0.15816
0.03774174055369148, 2378, 0.19024
0.03893104236504374, 2447, 0.19576
0.05053075223337539, 3026, 0.24208
0.03022103878987374, 2010, 0.1608
0.03607457267902772, 2346, 0.18768
0.04185333946253601, 2633, 0.21064
0.02185579026293958, 1508, 0.12064
0.03796329776934837, 2410, 0.1928
0.031655027182381563, 2012, 0.16096
0.03479795178321241, 2259, 0.18072
0.05147381024860346, 3112, 0.24896
0.03576424191397305, 2280, 0.1824
0.039473896186246485, 2494, 0.19952
0.03958409152525456, 2509, 0.20072
0.02026627123651548, 1362, 0.10896
0.030223450188522166, 1983, 0.15864
0.04250436349735178, 2679, 0.21432
0.029020661807995892, 1912, 0.15296
0.04232127347425696, 2670, 0.2136
0.05082275632859862, 3042, 0.24336
0.05770134476078327, 3378, 0.27024
0.03396881077862586, 2202, 0.17616
0.04765110557837227, 2978, 0.23824
0.02446801311956888, 1606, 0.12848
0.03619538325620304, 2319, 0.18552
0.0375694163469501, 2369, 0.18952
0.04119738302898605, 2581, 0.20648
0.047338928586811095, 2981, 0.23848
0.04544601954818752, 2763, 0.22104
0.029034688334751767, 1968, 0.15744
0.032227124524345126, 2094, 0.16752
0.034688004470078915, 2273, 0.18184
0.04285995776458436, 2772, 0.22176
0.048572067422225834, 2950, 0.236
0.05033750969197746, 3079, 0.24632
0.04170422487515187, 2629, 0.21032
0.05115439991321804, 3047, 0.24376
0.042347391160912115, 2562, 0.20496
0.03528697995193636, 2299, 0.18392
0.03261722222756668, 2177, 0.17416
0.048674039661984206, 2984, 0.23872
0.035844729336502436, 2299, 0.18392
0.051819853836826045, 3095, 0.2476
0.02879892264986087, 1872, 0.14976
0.04147752421584314, 2577, 0.20616
0.03176675830209065, 2057, 0.16456
0.025104952004196122, 1693, 0.13544
0.03467271920606463, 2178, 0.17424
0.050654600025190184, 3044, 0.24352
0.03924986393493683, 2504, 0.20032
0.04931777751884004, 3032, 0.24256
0.038535647936059104, 2464, 0.19712
0.023478440505464836, 1561, 0.12488
0.02742637917071348, 1869, 0.14952
0.06052154112805531, 3525, 0.282
0.04423492848087535, 2744, 0.21952
0.029464396816052563, 1942, 0.15536
0.04958486742350512, 3082, 0.24656
0.034690353767868505, 2223, 0.17784
0.04623977308580405, 2806, 0.22448
0.04936736011920883, 3069, 0.24552
0.02823859947086717, 1875, 0.15
0.047231335841239584, 2927, 0.23416
0.04094818726228743, 2616, 0.20928
0.045547782831299656, 2857, 0.22856
0.034632408281463474, 2198, 0.17584
0.03704291130765192, 2349, 0.18792
0.049886157936164986, 3000, 0.24
0.038734223770702424, 2419, 0.19352
0.026094252914766393, 1752, 0.14016
0.03229021071720939, 2133, 0.17064
0.04733391068949728, 2910, 0.2328
0.031644869136577526, 2057, 0.16456
0.048554820313504145, 3042, 0.24336
0.03532653726596329, 2292, 0.18336
0.03828928066770651, 2337, 0.18696
0.04689358836447403, 2889, 0.23112
0.041257445156219624, 2640, 0.2112
0.04559214142207835, 2836, 0.22688
0.0474642669395434, 2913, 0.23304
0.023699618417910195, 1573, 0.12584
0.029345162912192496, 1968, 0.15744
0.04037394074134564, 2579, 0.20632
0.030344215518529546, 1962, 0.15696
0.04179497033584416, 2600, 0.208
0.029421738452461262, 1946, 0.15568
0.045615393697874304, 2816, 0.22528
0.04758877985956817, 2915, 0.2332
0.03185291537587084, 2175, 0.174
0.030972502645873565, 1976, 0.15808
0.051819779230146835, 3146, 0.25168
0.03928811729100333, 2495, 0.1996
0.040402139459800174, 2603, 0.20824
0.03718577450413876, 2361, 0.18888
0.042142234967456, 2621, 0.20968
0.050486765191241394, 3165, 0.2532
0.03946097137888544, 2453, 0.19624
0.03773655806128703, 2339, 0.18712
0.013562981475978397, 963, 0.07704
0.03521620122672954, 2287, 0.18296
0.025576598354656928, 1722, 0.13776
0.040689009918159914, 2615, 0.2092
0.029342070607605335, 1938, 0.15504
0.03429487076651512, 2206, 0.17648
0.04206692732881312, 2678, 0.21424
0.04641338372439384, 2912, 0.23296
0.0475924100951311, 2902, 0.23216
0.042418811733886744, 2642, 0.21136
0.035375194408575554, 2337, 0.18696
0.048040594301745836, 2855, 0.2284
0.042934319135244224, 2705, 0.2164
0.03588592038619125, 2366, 0.18928
0.03664591354820734, 2381, 0.19048
0.03421762732582741, 2195, 0.1756
0.032630136200246074, 2068, 0.16544
0.04035200478542127, 2494, 0.19952
0.02768455704733811, 1804, 0.14432
0.03462313454345944, 2187, 0.17496
0.037949453718289054, 2403, 0.19224
0.03502910370679725, 2306, 0.18448
0.03318640758174122, 2151, 0.17208
0.03286852754338314, 2124, 0.16992
0.020965375084976635, 1473, 0.11784
0.04040877076350321, 2534, 0.20272
0.033151798824685975, 2069, 0.16552
0.02217299344336687, 1576, 0.12608
0.04303543364839095, 2707, 0.21656
0.037357869288013684, 2379, 0.19032
0.02054232706483517, 1484, 0.11872
0.029008305198269028, 1916, 0.15328
0.033028395505537926, 2181, 0.17448
0.04173267664816606, 2733, 0.21864
0.03541576064259703, 2254, 0.18032
0.044205192515993134, 2796, 0.22368
0.024474506171559718, 1667, 0.13336
0.03456900346175869, 2298, 0.18384
0.03805979330153325, 2480, 0.1984
0.049018218061180716, 2909, 0.23272
0.039790452402432355, 2543, 0.20344
0.0424832731928708, 2636, 0.21088
0.03859066494851068, 2405, 0.1924
0.04847647456084025, 3055, 0.2444
0.0244700144342725, 1634, 0.13072
0.025121406072968606, 1830, 0.1464
0.030913729782875106, 2067, 0.16536
0.03203785064564713, 2118, 0.16944
0.03190745793432225, 2086, 0.16688
0.03831383462953509, 2366, 0.18928
0.023901336202859138, 1618, 0.12944
0.027689534907919117, 1904, 0.15232
0.039885407925396646, 2549, 0.20392
0.029683572569601427, 2048, 0.16384
0.046346247300613416, 2850, 0.228
0.04539780692828937, 2952, 0.23616
0.029018367112424476, 1884, 0.15072
0.04412764621176401, 2792, 0.22336
0.019855202388091266, 1378, 0.11024
0.03967256382949372, 2513, 0.20104
0.03373924480314708, 2244, 0.17952
0.046259806115151486, 2889, 0.23112
0.05470256837033752, 3202, 0.25616
0.03198567159682485, 2092, 0.16736
0.04587755638948991, 2847, 0.22776
0.022407273950228963, 1489, 0.11912
0.034565427462060566, 2232, 0.17856
0.03367481751078276, 2174, 0.17392
0.0328428387729138, 2148, 0.17184
0.04296885714776061, 2782, 0.22256
0.03481278346372371, 2306, 0.18448
0.0389522927473002, 2514, 0.20112
0.045300914469752034, 2783, 0.22264
0.03097953005987652, 2047, 0.16376
0.032332875634922396, 2034, 0.16272
0.03393046785566293, 2196, 0.17568
0.027786347190904306, 1791, 0.14328
0.04912823067416598, 3006, 0.24048
0.03446181135406233, 2204, 0.17632
0.04502967923121558, 2819, 0.22552
0.032381458282408127, 2073, 0.16584
0.04324294405889959, 2684, 0.21472
0.02745991414634836, 1923, 0.15384
0.034123897751793295, 2211, 0.17688
0.03928994705216731, 2473, 0.19784
0.03956775303501877, 2466, 0.19728
0.04233218937294964, 2561, 0.20488
0.0456314430551536, 2820, 0.2256
0.030604985652454314, 2108, 0.16864
0.039188098671260364, 2528, 0.20224
0.02964313388856319, 1911, 0.15288
0.03797768343308705, 2447, 0.19576
0.0408694724220182, 2656, 0.21248
0.04222055402474217, 2683, 0.21464
0.03401540346000351, 2185, 0.1748
0.03844325607791139, 2440, 0.1952
0.04423648369034054, 2778, 0.22224
0.04342028794664601, 2704, 0.21632
0.04179152539217872, 2687, 0.21496
0.04556769189206555, 2792, 0.22336
0.03251955925490372, 2178, 0.17424
0.040363025785914074, 2528, 0.20224
0.03939352655386376, 2511, 0.20088
0.03685930247175955, 2366, 0.18928
0.0421893453268737, 2664, 0.21312
0.06001430891190332, 3557, 0.28456
0.027089888530626254, 1764, 0.14112
0.04233594185081802, 2605, 0.2084
0.04066290460147188, 2549, 0.20392
0.046123984302587316, 2896, 0.23168
0.040507782396222276, 2558, 0.20464
0.027328911849932216, 1715, 0.1372
0.032466814166851835, 2106, 0.16848
0.044663026093742786, 2765, 0.2212
0.049893714689961184, 2987, 0.23896
0.03338595559279563, 2233, 0.17864
0.025038442145852612, 1706, 0.13648
0.03954522624794861, 2441, 0.19528
0.043482151726421475, 2736, 0.21888
0.029991969507292996, 1999, 0.15992
0.033472581729994774, 2093, 0.16744
0.020781555566175076, 1426, 0.11408
0.05003495499122425, 3072, 0.24576
0.04020730203074697, 2556, 0.20448
0.04549770302885733, 2797, 0.22376
0.04216206916776741, 2668, 0.21344
0.027025497114515757, 1803, 0.14424
0.04885503949096789, 2939, 0.23512
0.039565064173293925, 2525, 0.202
0.041526410551387394, 2564, 0.20512
0.03775126193420082, 2398, 0.19184
0.040991457021251954, 2534, 0.20272
0.049529393213786084, 3005, 0.2404
0.04882946438278512, 3021, 0.24168
0.023057919863750446, 1560, 0.1248
0.03909337467628115, 2504, 0.20032
0.022006254144676253, 1481, 0.11848
0.027641687084278055, 1875, 0.15
0.03424289836099892, 2217, 0.17736
0.03429821669202279, 2229, 0.17832
0.03889175825322567, 2441, 0.19528
0.04955310075112403, 3045, 0.2436
0.0444544096541472, 2777, 0.22216
0.05170477219450337, 3047, 0.24376
0.04518222644710076, 2756, 0.22048
0.046886107617263785, 2867, 0.22936
0.03764827645555646, 2398, 0.19184
0.03654315635895496, 2351, 0.18808
0.023458561218341428, 1556, 0.12448
0.05515758113691591, 3372, 0.26976
0.04831068765821468, 2933, 0.23464
0.04071173388262624, 2561, 0.20488
0.03944434100401484, 2486, 0.19888
0.032546279958126874, 2139, 0.17112
0.03138932465989716, 2035, 0.1628
0.02867462817093673, 1903, 0.15224
0.04300632320877042, 2643, 0.21144
0.03685721907969586, 2378, 0.19024
0.029958960603995555, 1954, 0.15632
0.045163257855846246, 2879, 0.23032
0.040275692793629844, 2519, 0.20152
0.02248312523715052, 1529, 0.12232
0.04291969194402693, 2665, 0.2132
0.04339359252285763, 2734, 0.21872
0.0452881467880433, 2830, 0.2264
0.02735913866684833, 1791, 0.14328
0.042469875913948754, 2697, 0.21576
0.040341573764208966, 2551, 0.20408
0.04339053589950818, 2664, 0.21312
0.04083605916530987, 2607, 0.20856
0.03772759652743264, 2434, 0.19472
0.046970693984874794, 2892, 0.23136
0.03471164742212671, 2287, 0.18296
0.048535140040326136, 2901, 0.23208
0.04007882437973769, 2546, 0.20368
0.03835894937481708, 2430, 0.1944
0.030209872771059215, 2029, 0.16232
0.04222270291938876, 2621, 0.20968
0.039842169306920694, 2529, 0.20232
0.05313686102110685, 3214, 0.25712
0.037815986221295624, 2385, 0.1908
0.04177499824102558, 2674, 0.21392
0.05084940328180871, 3041, 0.24328
0.04935252204541184, 3116, 0.24928
0.02535380715377666, 1719, 0.13752
0.04059542419031674, 2524, 0.20192
0.03609394341551086, 2237, 0.17896
0.0322652097419818, 2111, 0.16888
0.041507280978340964, 2592, 0.20736
0.04997970918571702, 3013, 0.24104
0.03852276879796154, 2516, 0.20128
0.04325519065472032, 2661, 0.21288
0.03562837691675827, 2206, 0.17648
0.023837626607045116, 1684, 0.13472
0.03445974244529025, 2220, 0.1776
0.054748128991451685, 3332, 0.26656
0.05162489878043865, 3135, 0.2508
0.04902857787019909, 2977, 0.23816
0.02746183577731258, 1832, 0.14656
0.05097561784451567, 3193, 0.25544
0.0397302270633212, 2534, 0.20272
0.03271216503199211, 2123, 0.16984
0.04292724793459869, 2706, 0.21648
0.04754333647192853, 2926, 0.23408
0.0396493372348646, 2564, 0.20512
0.04223306535032057, 2635, 0.2108
0.027699293082539107, 1859, 0.14872
0.05791669935310513, 3357, 0.26856
0.04184122048213861, 2634, 0.21072
0.04514604746294874, 2761, 0.22088
0.04014909841262441, 2548, 0.20384
0.049654472923477626, 3001, 0.24008
0.038664076077088806, 2482, 0.19856
0.036185252747099654, 2284, 0.18272
0.04433956780027171, 2790, 0.2232
0.04372164745064397, 2743, 0.21944
0.019836390930612045, 1405, 0.1124
0.04854346814201775, 2932, 0.23456
0.04300071453430102, 2740, 0.2192
0.033475923618066165, 2161, 0.17288
0.04466562776344861, 2798, 0.22384
0.04385731752617983, 2724, 0.21792
0.04264120610142266, 2775, 0.222
0.027798629662389617, 1780, 0.1424
0.03603793008343257, 2361, 0.18888
0.028255902060523024, 1988, 0.15904
0.05231654640102255, 3198, 0.25584
0.03594245560569408, 2400, 0.192
0.022671187174899646, 1582, 0.12656
0.04479468130556774, 2827, 0.22616
0.03418736725768003, 2192, 0.17536
0.02782055556779142, 1868, 0.14944
0.02631863041586874, 1782, 0.14256
0.04593580481843273, 2811, 0.22488
0.0473143482679315, 2954, 0.23632
0.04870600296530501, 3041, 0.24328
0.024154127469879758, 1604, 0.12832
0.03165740653372305, 2030, 0.1624
0.050714859022935425, 3189, 0.25512
0.037995771743889246, 2446, 0.19568
0.04977213879332253, 3056, 0.24448
0.03628898030695746, 2322, 0.18576
0.049131353767555, 3089, 0.24712
0.05011018066005717, 3001, 0.24008
0.0467253515706576, 2899, 0.23192
0.04006211454887314, 2470, 0.1976
0.0326278678061851, 2123, 0.16984
0.03134127852698992, 2024, 0.16192
0.04948214996165386, 3028, 0.24224
0.02642991892454764, 1781, 0.14248
0.034281171110157584, 2223, 0.17784
0.045080312003948034, 2841, 0.22728
0.04128277569408419, 2671, 0.21368
0.05007654809434397, 3042, 0.24336
0.04699917499227081, 2946, 0.23568
0.046289295592842034, 2791, 0.22328
0.02375029822224085, 1606, 0.12848
0.034540313070582154, 2240, 0.1792
0.02606915666089006, 1686, 0.13488
0.029949801131853682, 1893, 0.15144
0.0447149961229486, 2722, 0.21776
0.043012245156311364, 2642, 0.21136
0.04724226768884259, 2857, 0.22856
0.042892945719647496, 2716, 0.21728
0.04941860783632446, 3041, 0.24328
0.029716588182546435, 1894, 0.15152
0.027771789185809023, 1833, 0.14664
0.030831807969046766, 2054, 0.16432
0.04224490121408556, 2688, 0.21504
0.04194121587173204, 2694, 0.21552
0.03573999667213599, 2276, 0.18208
0.043232651591840345, 2761, 0.22088
0.04455337928062692, 2784, 0.22272
0.032132402549644425, 2123, 0.16984
0.023039566365408954, 1574, 0.12592
0.052899359391455396, 3255, 0.2604
0.04141121086296564, 2544, 0.20352
0.027854562790964488, 1887, 0.15096
0.02310669677409091, 1561, 0.12488
0.050464888141926074, 2963, 0.23704
0.03056876313846966, 2070, 0.1656
0.03695558675265617, 2372, 0.18976
0.041384635768732726, 2571, 0.20568
0.03953977446692879, 2443, 0.19544
0.042232871739497885, 2664, 0.21312
0.034371124154661335, 2243, 0.17944
0.026452056806933313, 1748, 0.13984
0.04660855417771037, 2880, 0.2304
0.019401527899378112, 1315, 0.1052
0.04126694314032065, 2523, 0.20184
0.033782355309968363, 2263, 0.18104
0.03489937706201689, 2161, 0.17288
0.037438173552449584, 2347, 0.18776
0.04440521715617226, 2869, 0.22952
0.03764190328522631, 2386, 0.19088
0.03270104805631517, 2103, 0.16824
0.03992979742829853, 2499, 0.19992
0.03933317319491117, 2432, 0.19456
0.031613403304351924, 2086, 0.16688
0.042678492642118725, 2741, 0.21928
0.043681705395442055, 2664, 0.21312
0.0370352071588264, 2342, 0.18736
0.045222969625587514, 2852, 0.22816
0.032812394900952675, 2178, 0.17424
0.027876470652985753, 1830, 0.1464
0.03792005263487326, 2457, 0.19656
0.04192644118653834, 2576, 0.20608
0.04120801286155829, 2621, 0.20968
0.05617873229745407, 3368, 0.26944
0.03072786651867846, 2014, 0.16112
0.03215971899078165, 2139, 0.17112
0.03652693966595857, 2303, 0.18424
0.023866239512763256, 1623, 0.12984
0.036494350978672555, 2267, 0.18136
0.04352723470413243, 2714, 0.21712
0.03733182946677941, 2429, 0.19432
0.02656062033950974, 1791, 0.14328
0.03422446586388114, 2197, 0.17576
0.043377682808979995, 2788, 0.22304
0.020836741515623872, 1459, 0.11672
0.03955533131341234, 2506, 0.20048
0.03374416664624504, 2191, 0.17528
0.05086283492433168, 3102, 0.24816
0.049529363033499745, 3044, 0.24352
0.03910999625869359, 2504, 0.20032
0.05694438840781589, 3405, 0.2724
0.02948094893424748, 1937, 0.15496
0.03396622401139382, 2231, 0.17848
0.035603767890387786, 2383, 0.19064
0.04005112268539579, 2555, 0.2044
0.029964012335508525, 2024, 0.16192
0.03393186350838453, 2223, 0.17784
0.03457636102631409, 2285, 0.1828
0.0360890436174757, 2327, 0.18616
0.033642466048112905, 2128, 0.17024
0.0460802520456034, 2883, 0.23064
0.03731679408877924, 2315, 0.1852
0.032397020430607854, 2108, 0.16864
0.05238000686641473, 3124, 0.24992
0.031095388388265713, 2031, 0.16248
0.03862255641571419, 2434, 0.19472
0.03752381813821152, 2442, 0.19536
0.03247463077391033, 2123, 0.16984
0.038197863177635565, 2388, 0.19104
0.042997429166152054, 2616, 0.20928
0.03126946045133761, 2056, 0.16448
0.04585976372617349, 2888, 0.23104
0.05190092461394202, 3155, 0.2524
0.026017543495229785, 1779, 0.14232
0.03616154050434837, 2280, 0.1824
0.04871886354659258, 3017, 0.24136
0.017613946415404567, 1216, 0.09728
0.03783259584374625, 2421, 0.19368
0.02915124165516147, 1939, 0.15512
0.028668861156713424, 1873, 0.14984
0.05101905347728774, 2991, 0.23928
0.043435975178288955, 2676, 0.21408
0.04021376289807603, 2492, 0.19936
0.018859808363587863, 1256, 0.10048
0.044694604386393014, 2786, 0.22288
0.040445557443366656, 2537, 0.20296
0.04214838381685668, 2638, 0.21104
0.04769710581666567, 2912, 0.23296
0.039396424610492434, 2516, 0.20128
0.03595680807178262, 2348, 0.18784
0.038072256711750116, 2429, 0.19432
0.0496941346922084, 3051, 0.24408
0.04627940759178249, 2871, 0.22968
0.04930784977774089, 3094, 0.24752
0.030213723604411602, 1999, 0.15992
0.04398499903683667, 2738, 0.21904
0.029403953834719956, 1960, 0.1568
0.04603685301493518, 2880, 0.2304
0.04908072648062472, 2984, 0.23872
0.04254958305726191, 2643, 0.21144
0.03155179402241619, 2088, 0.16704
0.04258375070372911, 2632, 0.21056
0.0502581974968424, 3033, 0.24264
0.04870179383290825, 3012, 0.24096
0.02914322979181538, 1914, 0.15312
0.042364708675687784, 2653, 0.21224
0.04060155892126943, 2437, 0.19496
0.037315000074627756, 2386, 0.19088
0.05978319421477009, 3502, 0.28016
0.01931627091387056, 1318, 0.10544
0.04808611165392651, 2963, 0.23704
0.040479451249618076, 2592, 0.20736
0.04625927460281269, 2795, 0.2236
0.029034305658519687, 1937, 0.15496
0.019978436374155244, 1366, 0.10928
0.0510385782542106, 3022, 0.24176
0.04167948208881052, 2617, 0.20936
0.047818537597973186, 2923, 0.23384
0.04799390460335796, 2916, 0.23328
0.011682940006451521, 874, 0.06992
0.0347334298053302, 2276, 0.18208
0.02442220086503672, 1662, 0.13296
0.027760996777857642, 1885, 0.1508
0.03163727594167466, 2109, 0.16872
0.03229828948312985, 2187, 0.17496
0.023798784592553687, 1653, 0.13224
0.047215823582781306, 2933, 0.23464
0.03344351454151474, 2106, 0.16848
0.04012255131915632, 2612, 0.20896
0.02808168495770487, 1873, 0.14984
0.02821196459723547, 1914, 0.15312
0.04819642262975741, 2934, 0.23472
0.046047485001737255, 2885, 0.2308
0.025013649600379148, 1638, 0.13104
0.035571325640547484, 2270, 0.1816
0.04413902286604749, 2787, 0.22296
0.026587389058320584, 1816, 0.14528
0.04165526469162339, 2665, 0.2132
0.03670854425257153, 2346, 0.18768
0.0295439690635959, 1970, 0.1576
0.027465251826319835, 1806, 0.14448
0.02316167057004433, 1536, 0.12288
0.026617522260758482, 1800, 0.144
0.03523516658369505, 2317, 0.18536
0.03580034334249425, 2307, 0.18456
0.03439547900138449, 2255, 0.1804
0.0403866061900747, 2563, 0.20504
0.03424782528563281, 2251, 0.18008
0.06208857921216962, 3653, 0.29224
0.024142317516776205, 1636, 0.13088
0.04335189858829134, 2683, 0.21464
0.04146649229276724, 2611, 0.20888
0.043699881591024996, 2715, 0.2172
0.020132650815615855, 1452, 0.11616
0.048729906920210425, 2964, 0.23712
0.043654653919532826, 2826, 0.22608
0.01887617727737273, 1294, 0.10352
0.02688921157422185, 1789, 0.14312
0.047098930457090175, 2941, 0.23528
0.03495673880045876, 2267, 0.18136
0.0359665502204896, 2259, 0.18072
0.0365642354338234, 2327, 0.18616
0.04418373334863568, 2714, 0.21712
0.04011347069267886, 2541, 0.20328
0.04040913288230046, 2525, 0.202
0.03683597467004482, 2428, 0.19424
0.04327217563106489, 2686, 0.21488
0.03633865643042502, 2314, 0.18512
0.022147586198555887, 1531, 0.12248
0.03203235249749363, 2070, 0.1656
0.04121798054024632, 2572, 0.20576
0.02233063725157731, 1520, 0.1216
0.04489135199814062, 2793, 0.22344
0.047238750605986486, 2995, 0.2396
0.03568653820191511, 2280, 0.1824
0.04826848861787137, 3015, 0.2412
0.04259940625844498, 2747, 0.21976
0.04336116174576673, 2690, 0.2152
0.029043233343722243, 1936, 0.15488
0.04727322541600273, 2975, 0.238
0.03586544698340923, 2362, 0.18896
0.03609459083762941, 2301, 0.18408
0.025727547807200525, 1764, 0.14112
0.040696888915689275, 2530, 0.2024
0.034568877848568366, 2289, 0.18312
0.04736751166411399, 2955, 0.2364
0.03260386646396242, 2061, 0.16488
0.04515600328848657, 2762, 0.22096
0.027753383803540303, 1858, 0.14864
0.02057124836082941, 1421, 0.11368
0.04364443949987804, 2658, 0.21264
0.04188263202205531, 2622, 0.20976
0.03670020208845616, 2335, 0.1868
0.037494447569836116, 2402, 0.19216
0.0423565325373213, 2686, 0.21488
0.031145347287173733, 2040, 0.1632
0.040679832568313014, 2576, 0.20608
0.01952966590604055, 1392, 0.11136
0.0372208834532066, 2380, 0.1904
0.04569409199639853, 2784, 0.22272
0.03715827991070237, 2369, 0.18952
0.0355363053271336, 2285, 0.1828
0.03407433482014815, 2251, 0.18008
0.032833219081620305, 2182, 0.17456
0.041050287640427625, 2514, 0.20112
0.04524116723736851, 2790, 0.2232
0.05250553657155962, 3085, 0.2468
0.03963757247026195, 2485, 0.1988
0.039554142320259, 2478, 0.19824
0.0462466158866091, 2922, 0.23376
0.03062799975209344, 2004, 0.16032
0.01165150968457853, 816, 0.06528
0.027821191155760237, 1773, 0.14184
0.030568549428251122, 1958, 0.15664
0.04193875978360802, 2551, 0.20408
0.04710857083460703, 2945, 0.2356
0.03697566882264087, 2325, 0.186
0.047257191356895524, 2884, 0.23072
0.047200835160514834, 2894, 0.23152
0.03165429254422429, 2017, 0.16136
0.039163964010883484, 2477, 0.19816
0.03893406022401599, 2431, 0.19448
0.05712058255219985, 3404, 0.27232
0.036812937089917744, 2404, 0.19232
0.052292848995058726, 3088, 0.24704
0.024248724549450238, 1644, 0.13152
0.036933839711779784, 2384, 0.19072
0.04681093517469202, 2922, 0.23376
0.046238377637817143, 2829, 0.22632
0.04675368615009049, 2877, 0.23016
0.03544769181249705, 2362, 0.18896
0.0462177387134354, 2884, 0.23072
0.040131824012857684, 2624, 0.20992
0.03939848469752893, 2611, 0.20888
0.04774199111788537, 3008, 0.24064
0.034982856386205165, 2184, 0.17472
0.037869547519237406, 2426, 0.19408
0.04203452618384992, 2684, 0.21472
0.03551870775534821, 2220, 0.1776
0.026299928991799643, 1744, 0.13952
0.03798448411311267, 2433, 0.19464
0.04229176302840481, 2662, 0.21296
0.027514429173282357, 1800, 0.144
0.03183696683276157, 2123, 0.16984
0.033052975932665506, 2195, 0.1756
0.037727786469659075, 2409, 0.19272
0.02163031309729573, 1413, 0.11304
0.026034209373623385, 1769, 0.14152
0.03640568345888365, 2303, 0.18424
0.041694996162646505, 2591, 0.20728
0.03967080233986923, 2489, 0.19912
0.03168724443290606, 2120, 0.1696
0.04156959280282921, 2644, 0.21152
0.05014481344854104, 3057, 0.24456
0.0402851600394572, 2504, 0.20032
0.044591222785684684, 2806, 0.22448
0.0500643616369369, 3012, 0.24096
0.03444615967695973, 2185, 0.1748
0.04519241225409042, 2876, 0.23008
0.02769506854120093, 1806, 0.14448
0.03949015411518897, 2526, 0.20208
0.03326397447373846, 2149, 0.17192
0.03453739090662876, 2378, 0.19024
0.047373194569359595, 2977, 0.23816
0.024022458492936487, 1644, 0.13152
0.04865616213020247, 2961, 0.23688
0.04818492523458978, 2947, 0.23576
0.03870768082245373, 2503, 0.20024
0.04159469133726141, 2667, 0.21336
0.0445844610896986, 2783, 0.22264
0.06282534207560349, 3581, 0.28648
0.03977747431760008, 2532, 0.20256
0.03381403649950164, 2108, 0.16864
0.05600486273777175, 3298, 0.26384
0.04791581205645874, 2939, 0.23512
0.0321402931775438, 2105, 0.1684
0.030552804949699364, 2033, 0.16264
0.042543599305391144, 2713, 0.21704
0.05114170131317357, 2998, 0.23984
0.028920947489713623, 1902, 0.15216
0.024733697353001287, 1633, 0.13064
0.03351168136117529, 2196, 0.17568
0.030431257614085952, 2055, 0.1644
0.0444592546397782, 2763, 0.22104
0.04335310780804319, 2751, 0.22008
0.02843338789091486, 1870, 0.1496
0.025583724190458308, 1732, 0.13856
0.0407324432182303, 2661, 0.21288
0.0359809241091514, 2289, 0.18312
0.03796925560303341, 2432, 0.19456
0.0518301274021056, 3234, 0.25872
0.04201773204540646, 2663, 0.21304
0.043843075260146, 2774, 0.22192
0.026577962767329634, 1823, 0.14584
0.03909358410480372, 2450, 0.196
0.047889171370940994, 2953, 0.23624
0.03941516229428188, 2559, 0.20472
0.04925766140938247, 2954, 0.23632
0.02930634571686241, 1949, 0.15592
0.03942919861737108, 2496, 0.19968
0.038948135625496774, 2505, 0.2004
0.02579262123375527, 1750, 0.14
0.03629768635997541, 2294, 0.18352
0.050813597218599175, 3104, 0.24832
0.03931913138389098, 2496, 0.19968
0.03857452103777541, 2484, 0.19872
0.04373950414668942, 2683, 0.21464
0.0407584373721962, 2587, 0.20696
0.04553110044641536, 2813, 0.22504
0.050053573182118255, 3138, 0.25104
0.038095985769935635, 2460, 0.1968
0.031348500265153095, 2124, 0.16992
0.04431451929891898, 2691, 0.21528
0.047469629598121614, 2842, 0.22736
0.04763034440782407, 2828, 0.22624
0.031907923482502994, 2142, 0.17136
0.04295855979568693, 2626, 0.21008
0.03467229277740949, 2206, 0.17648
0.03370664246666247, 2255, 0.1804
0.03986401382586502, 2553, 0.20424
0.03462629038196441, 2231, 0.17848
0.02730253373534877, 1878, 0.15024
0.022137603055720958, 1493, 0.11944
0.033978117268161995, 2192, 0.17536
0.050506641514281185, 3040, 0.2432
0.028643812841609034, 1890, 0.1512
0.051232555530262215, 3104, 0.24832
0.04380513090125849, 2660, 0.2128
0.05381987581748762, 3157, 0.25256
0.05141734469373025, 3044, 0.24352
0.03912355766606518, 2494, 0.19952
0.043156106295261724, 2768, 0.22144
0.03643724337272584, 2398, 0.19184
0.03552603416263056, 2321, 0.18568
0.042210918299687365, 2715, 0.2172
0.042837977160771194, 2711, 0.21688
0.035716354333550526, 2263, 0.18104
0.0392624518873229, 2497, 0.19976
0.04937722564661046, 3009, 0.24072
0.03188558688989452, 2163, 0.17304
0.0336199367218637, 2153, 0.17224
0.04591720351956763, 2916, 0.23328
0.028920597359748196, 1969, 0.15752
0.0471888615717245, 2856, 0.22848
0.048253765584545395, 3005, 0.2404
0.03698805188570579, 2325, 0.186
0.03815104627075714, 2409, 0.19272
0.03733380482723588, 2381, 0.19048
0.041288169452916954, 2658, 0.21264
0.03556628750331715, 2250, 0.18
0.048493659850040165, 2911, 0.23288
0.03486855052942582, 2274, 0.18192
0.04064055511354699, 2587, 0.20696
0.043044779073858196, 2668, 0.21344
0.02445925323216967, 1648, 0.13184
0.04904777116994187, 2946, 0.23568
0.04135059855817653, 2623, 0.20984
0.04415034344172557, 2712, 0.21696
0.042757704910305484, 2738, 0.21904
0.030655454972218044, 1992, 0.15936
0.04450635194098742, 2784, 0.22272
0.029937870586431527, 2049, 0.16392
0.02927341033137197, 1947, 0.15576
0.044296164249716136, 2799, 0.22392
0.03324718369034979, 2189, 0.17512
0.0570343910967033, 3312, 0.26496
0.04284469634515755, 2682, 0.21456
0.025399296073605644, 1711, 0.13688
0.03875056236221309, 2467, 0.19736
0.057183780435941335, 3352, 0.26816
0.06021717315420892, 3462, 0.27696
0.03486945360674398, 2236, 0.17888
0.04833053192590026, 3012, 0.24096
0.038597186184334165, 2336, 0.18688
0.04016446537378613, 2537, 0.20296
0.041133350325494734, 2553, 0.20424
0.0272645534850363, 1872, 0.14976
0.048885575291512634, 2960, 0.2368
0.04330059797122946, 2751, 0.22008
0.03240503561568392, 2159, 0.17272
0.038691407155984125, 2402, 0.19216
0.03438206232810255, 2251, 0.18008
0.028997762027019595, 1966, 0.15728
0.056365399712666076, 3312, 0.26496
0.029629643402774426, 1998, 0.15984
0.037020920967918106, 2473, 0.19784
0.04301029116935524, 2636, 0.21088
0.04253466008462542, 2661, 0.21288
0.045619764064623126, 2886, 0.23088
0.027699789111911344, 1820, 0.1456
0.027779488949173425, 1812, 0.14496
0.04842123239910975, 3008, 0.24064
0.0460728707465613, 2836, 0.22688
0.050289299680670085, 3126, 0.25008
0.035846350668207946, 2362, 0.18896
0.04343676840496871, 2643, 0.21144
0.036052162800029944, 2312, 0.18496
0.03573781766260914, 2364, 0.18912
0.039153869271222407, 2438, 0.19504
0.052611193876921536, 3145, 0.2516
0.05040474772070305, 3061, 0.24488
0.020414022009717987, 1360, 0.1088
0.04356318135045795, 2746, 0.21968
0.012722067772049032, 866, 0.06928
0.032488914844508006, 2153, 0.17224
0.045922218179943505, 2772, 0.22176
0.04636852132179789, 2887, 0.23096
0.03045201326571165, 2003, 0.16024
0.04303973905877285, 2690, 0.2152
0.026090573202211528, 1684, 0.13472
0.03780584842227721, 2436, 0.19488
0.02339294773178431, 1536, 0.12288
0.039315350068873586, 2513, 0.20104
0.03583786034245606, 2285, 0.1828
0.042157514941915795, 2627, 0.21016
0.032744655818481634, 2136, 0.17088
0.04226538988210084, 2629, 0.21032
0.0219979582557197, 1554, 0.12432
0.057422379260647846, 3362, 0.26896
0.038387780759776925, 2513, 0.20104
0.01621570361591209, 1147, 0.09176
0.033623728404796896, 2164, 0.17312
0.036700296368079546, 2390, 0.1912
0.03263863582439451, 2143, 0.17144
0.028958723649772103, 1869, 0.14952
0.03803228334411924, 2406, 0.19248
0.036033775626092036, 2345, 0.1876
0.0493426893245, 3103, 0.24824
0.0434781073349792, 2729, 0.21832
0.04497472757910415, 2781, 0.22248
0.025195231460891518, 1727, 0.13816
0.04834150018537614, 2927, 0.23416
0.03929303135567168, 2548, 0.20384
0.0278464757085473, 1854, 0.14832
0.03519818039056038, 2295, 0.1836
0.052906149591283515, 3171, 0.25368
0.0444792149649364, 2810, 0.2248
0.02885474146722522, 1940, 0.1552
0.04959063381679956, 3034, 0.24272
0.033708191731743636, 2184, 0.17472
0.05282713120605325, 3223, 0.25784
0.04067499887983826, 2653, 0.21224
0.018845329631712354, 1368, 0.10944
0.03269052073811519, 2182, 0.17456
0.04548054710946736, 2795, 0.2236
0.048683092590619564, 3040, 0.2432
0.04523185305850226, 2764, 0.22112
0.0597628478277659, 3448, 0.27584
