Time to failure, Number of defective sites, Fraction of defect
0.012914091748133327, 2538, 0.20304
0.02293178243492388, 3683, 0.29464
0.015564305967686494, 2846, 0.22768
0.015478435549806508, 2883, 0.23064
0.027661826286617685, 4136, 0.33088
0.011763936476047987, 2282, 0.18256
0.02794731067717531, 4235, 0.3388
0.03534867928389281, 4748, 0.37984
0.03570934446294251, 4729, 0.37832
0.03969664558262433, 4996, 0.39968
0.026039359144231528, 3995, 0.3196
0.03292942928696383, 4594, 0.36752
0.022634728101114818, 3670, 0.2936
0.022570407958167723, 3690, 0.2952
0.024933593201118646, 3902, 0.31216
0.03021362351931799, 4337, 0.34696
0.028645166985792055, 4230, 0.3384
0.012094337736081628, 2381, 0.19048
0.03240448253893143, 4489, 0.35912
0.016767748812553232, 3027, 0.24216
0.02436216055593529, 3802, 0.30416
0.022306888300539778, 3663, 0.29304
0.015871448001507207, 2874, 0.22992
0.022707320198907494, 3701, 0.29608
0.03901329391271238, 4903, 0.39224
0.03209619128687298, 4410, 0.3528
0.03757158388984371, 4855, 0.3884
0.028646177397342695, 4300, 0.344
0.02936961572968772, 4241, 0.33928
0.027716383909796284, 4127, 0.33016
0.00976011307237971, 2016, 0.16128
0.024812776247162452, 3931, 0.31448
0.025288215583005213, 3939, 0.31512
0.015986861594086434, 2912, 0.23296
0.02224614373153345, 3619, 0.28952
0.018070712649486235, 3158, 0.25264
0.04081412808532649, 4994, 0.39952
0.02675494784224012, 4099, 0.32792
0.018175263617612947, 3191, 0.25528
0.03552897880618102, 4714, 0.37712
0.024551754614723507, 3909, 0.31272
0.0263804611113007, 4005, 0.3204
0.043777752464118656, 5141, 0.41128
0.03721358709910078, 4883, 0.39064
0.0247183088792072, 3934, 0.31472
0.021726176114816045, 3635, 0.2908
0.03456684277914802, 4673, 0.37384
0.029384708987728554, 4299, 0.34392
0.01607690950956114, 2945, 0.2356
0.017582354723544965, 3142, 0.25136
0.0383117675544989, 4833, 0.38664
0.030304943950451125, 4338, 0.34704
0.028834898899483978, 4265, 0.3412
0.022154296264472205, 3666, 0.29328
0.0384360295547346, 4908, 0.39264
0.02895248474152781, 4283, 0.34264
0.031595570586727066, 4543, 0.36344
0.030880922691687185, 4368, 0.34944
0.026829863780648062, 4014, 0.32112
0.016452038025242383, 2965, 0.2372
0.0177012919760059, 3157, 0.25256
0.0428619853330163, 5203, 0.41624
0.023492308735937606, 3779, 0.30232
0.024728182901366393, 3899, 0.31192
0.010782927136979642, 2175, 0.174
0.030137680657204353, 4370, 0.3496
0.02785501449731152, 4137, 0.33096
0.01593449007972559, 2949, 0.23592
0.02847614718690143, 4223, 0.33784
0.023681202124262925, 3885, 0.3108
0.03313809800956981, 4551, 0.36408
0.02598464088177955, 4017, 0.32136
0.017254855861320893, 3131, 0.25048
0.029776542699301668, 4395, 0.3516
0.03129907987410559, 4488, 0.35904
0.022866668132767016, 3696, 0.29568
0.02005550105024301, 3415, 0.2732
0.022380276688303318, 3701, 0.29608
0.030409984849092322, 4361, 0.34888
0.036177855699771215, 4752, 0.38016
0.03557895884567371, 4697, 0.37576
0.024827458952654712, 3851, 0.30808
0.028046468402572963, 4230, 0.3384
0.014444849778984472, 2788, 0.22304
0.032790191464351755, 4606, 0.36848
0.018472007772350325, 3282, 0.26256
0.03871293497012643, 4933, 0.39464
0.028025940747442836, 4142, 0.33136
0.024543697844034765, 3857, 0.30856
0.02488055504118273, 3920, 0.3136
0.028590259657708176, 4231, 0.33848
0.028496965131590102, 4241, 0.33928
0.03369782430364541, 4575, 0.366
0.020320691989800726, 3516, 0.28128
0.021880590157429422, 3523, 0.28184
0.02509032703399993, 3905, 0.3124
0.024328941170088197, 3840, 0.3072
0.02353458658216509, 3807, 0.30456
0.03540636732337214, 4698, 0.37584
0.015909572799248213, 2940, 0.2352
0.026443116136127768, 4064, 0.32512
0.04365473026435262, 5124, 0.40992
0.03002396344969812, 4368, 0.34944
0.029029722876056083, 4305, 0.3444
0.027073040238717472, 4074, 0.32592
0.04033761393603492, 5017, 0.40136
0.020432273863534002, 3476, 0.27808
0.03243787521597654, 4566, 0.36528
0.026242180760147348, 4060, 0.3248
0.016627351989209758, 3005, 0.2404
0.025082885210536424, 3959, 0.31672
0.03247683590275491, 4510, 0.3608
0.019335035093033782, 3365, 0.2692
0.021659434652513708, 3649, 0.29192
0.028832336324409447, 4265, 0.3412
0.024100083003489106, 3793, 0.30344
0.032477206323659864, 4551, 0.36408
0.03777376998939945, 4824, 0.38592
0.024214000578303176, 3914, 0.31312
0.012556144045814349, 2466, 0.19728
0.03230389425490151, 4508, 0.36064
0.024477789787570967, 3828, 0.30624
0.014626570230264152, 2731, 0.21848
0.02916200512885024, 4343, 0.34744
0.035989761728314765, 4798, 0.38384
0.024735169793025282, 3901, 0.31208
0.024731256133307594, 3885, 0.3108
0.0228792749059452, 3765, 0.3012
0.041755064499270085, 5065, 0.4052
0.01838652923132548, 3205, 0.2564
0.015779840816811344, 2943, 0.23544
0.030218455977394424, 4377, 0.35016
0.020727456186926896, 3506, 0.28048
0.02982027861249981, 4323, 0.34584
0.029165851585879154, 4265, 0.3412
0.03149452408964241, 4371, 0.34968
0.008436942557866712, 1838, 0.14704
0.02804640740527567, 4184, 0.33472
0.020122084963948756, 3468, 0.27744
0.025936278710600176, 3972, 0.31776
0.024460616089851856, 3851, 0.30808
0.026735210044679887, 4160, 0.3328
0.012770452381860855, 2449, 0.19592
0.027639186728817128, 4128, 0.33024
0.030285921786935423, 4409, 0.35272
0.023550701437709043, 3732, 0.29856
0.03642243728153548, 4869, 0.38952
0.026282564317281838, 4056, 0.32448
0.033483486793793385, 4597, 0.36776
0.02160652001625339, 3631, 0.29048
0.028815628665165002, 4260, 0.3408
0.028059134737951914, 4258, 0.34064
0.02786727036556188, 4125, 0.33
0.022607627233950604, 3711, 0.29688
0.007437803880865363, 1599, 0.12792
0.03141195670710433, 4362, 0.34896
0.03335057960893678, 4598, 0.36784
0.018952857440319503, 3317, 0.26536
0.033476655663468184, 4569, 0.36552
0.01982763535544178, 3370, 0.2696
0.02432097365154566, 3906, 0.31248
0.015742166704387942, 2911, 0.23288
0.017341220428156612, 3162, 0.25296
0.025412551746112136, 3975, 0.318
0.0482830047226074, 5403, 0.43224
0.03133783990433663, 4380, 0.3504
0.03270813589606784, 4587, 0.36696
0.01979044076124507, 3342, 0.26736
0.02706217206320979, 4116, 0.32928
0.025520255741686246, 4012, 0.32096
0.028089480385507702, 4208, 0.33664
0.03557687669825334, 4755, 0.3804
0.046049544788609446, 5271, 0.42168
0.03398701112692032, 4630, 0.3704
0.03637461574113874, 4802, 0.38416
0.036151214162526014, 4787, 0.38296
0.0327431870712338, 4495, 0.3596
0.04221555312673822, 5074, 0.40592
0.018730873889228995, 3297, 0.26376
0.019304557181577944, 3334, 0.26672
0.0331591248272342, 4544, 0.36352
0.04196716870594043, 5044, 0.40352
0.031754457104269045, 4418, 0.35344
0.02785751914652657, 4171, 0.33368
0.011779280107356736, 2379, 0.19032
0.03187979745750408, 4476, 0.35808
0.03468994620472817, 4676, 0.37408
0.023768078653262362, 3855, 0.3084
0.036202856231537926, 4731, 0.37848
0.037221972220821326, 4886, 0.39088
0.011382341684148572, 2246, 0.17968
0.017970270723562862, 3183, 0.25464
0.021826113484867262, 3616, 0.28928
0.019916931605501773, 3425, 0.274
0.02348396657585963, 3753, 0.30024
0.02897187705405222, 4230, 0.3384
0.037880053911942095, 4851, 0.38808
0.032950326410750415, 4578, 0.36624
0.033986669868912384, 4628, 0.37024
0.03185647068526571, 4440, 0.3552
0.020560558208940632, 3437, 0.27496
0.024603469458075178, 3870, 0.3096
0.03673843497489599, 4766, 0.38128
0.025231061589957377, 3915, 0.3132
0.03826347873343281, 4833, 0.38664
0.035759972247540746, 4756, 0.38048
0.011824425192410051, 2363, 0.18904
0.033662991947831136, 4563, 0.36504
0.026845814518807746, 4116, 0.32928
0.028827076265319808, 4295, 0.3436
0.041244851280166334, 5095, 0.4076
0.038278328861394484, 4873, 0.38984
0.023853806759421513, 3821, 0.30568
0.040430597187313684, 5017, 0.40136
0.010520490295420981, 2128, 0.17024
0.03327639297312031, 4587, 0.36696
0.022078138604364764, 3600, 0.288
0.02599547164658671, 3930, 0.3144
0.02116907924617932, 3575, 0.286
0.028097264925051445, 4189, 0.33512
0.010459558740172407, 2129, 0.17032
0.030134373077518633, 4350, 0.348
0.04179023570860111, 5079, 0.40632
0.03795204979543952, 4893, 0.39144
0.025001312244189448, 3961, 0.31688
0.03347850654218565, 4576, 0.36608
0.031186326992126426, 4440, 0.3552
0.03294315260921648, 4590, 0.3672
0.028570330591038234, 4227, 0.33816
0.021320947442465123, 3532, 0.28256
0.018081695582260096, 3172, 0.25376
0.01659598337324658, 3034, 0.24272
0.01985391280172674, 3404, 0.27232
0.02621727464441796, 4049, 0.32392
0.03250290185582972, 4577, 0.36616
0.024002124451841057, 3828, 0.30624
0.028999392742870906, 4304, 0.34432
0.0221508566336052, 3618, 0.28944
0.03056237346828814, 4363, 0.34904
0.024236990358577577, 3872, 0.30976
0.04022055714776632, 5026, 0.40208
0.02229297149196917, 3713, 0.29704
0.029968934249240985, 4327, 0.34616
0.03052991960720805, 4448, 0.35584
0.025771727196032487, 3940, 0.3152
0.042884387883507576, 5091, 0.40728
0.017658107228056427, 3148, 0.25184
0.016471029114144217, 3054, 0.24432
0.03128850240324428, 4442, 0.35536
0.02704812194857606, 4029, 0.32232
0.02299689157085516, 3701, 0.29608
0.02793014350662372, 4164, 0.33312
0.011987568781556457, 2350, 0.188
0.036452570928197245, 4751, 0.38008
0.032272614945981964, 4508, 0.36064
0.0267902012429598, 4047, 0.32376
0.027373465656106776, 4046, 0.32368
0.02852576027571795, 4246, 0.33968
0.03268393959083968, 4476, 0.35808
0.026281483935607756, 4013, 0.32104
0.026105473381638836, 4043, 0.32344
0.03809263269753115, 4884, 0.39072
0.03787619396172231, 4886, 0.39088
0.026842089843093605, 4046, 0.32368
0.03601660315145704, 4690, 0.3752
0.02195573367687846, 3624, 0.28992
0.02104818682411182, 3491, 0.27928
0.03670676698661699, 4815, 0.3852
0.03239112039290279, 4532, 0.36256
0.023256366064682264, 3792, 0.30336
0.025884811589913303, 3982, 0.31856
0.02312929249520973, 3732, 0.29856
0.03222463827555043, 4501, 0.36008
0.02529606393043817, 3933, 0.31464
0.024167561453295558, 3816, 0.30528
0.03489691634710754, 4683, 0.37464
0.021002415773171555, 3528, 0.28224
0.016398866994630765, 2981, 0.23848
0.03422644960007203, 4648, 0.37184
0.029076291065116625, 4342, 0.34736
0.0344806336705139, 4624, 0.36992
0.029020535905169013, 4327, 0.34616
0.01892628358651357, 3234, 0.25872
0.02743888962760498, 4145, 0.3316
0.036982636859937405, 4787, 0.38296
0.03694314735176182, 4855, 0.3884
0.01742341234241868, 3121, 0.24968
0.03317427056322371, 4522, 0.36176
0.017461464915561626, 3119, 0.24952
0.02540868289494827, 3988, 0.31904
0.0393795037696533, 4900, 0.392
0.02758177150998092, 4182, 0.33456
0.030754341738761338, 4422, 0.35376
0.030677872048101847, 4397, 0.35176
0.022956726479218918, 3795, 0.3036
0.036117468129854634, 4741, 0.37928
0.030698337837540432, 4402, 0.35216
0.03132372240378013, 4429, 0.35432
0.022675344496492774, 3682, 0.29456
0.02323565859369831, 3830, 0.3064
0.046703941535699074, 5295, 0.4236
0.03678341175190783, 4806, 0.38448
0.022921516278364133, 3697, 0.29576
0.024320041751185684, 3912, 0.31296
0.020969495638955032, 3571, 0.28568
0.02446559933348246, 3895, 0.3116
0.035611066042131864, 4674, 0.37392
0.02995707460737484, 4271, 0.34168
0.034318449568218924, 4638, 0.37104
0.04372392660391814, 5102, 0.40816
0.0373886097349401, 4803, 0.38424
0.015629481026468748, 2867, 0.22936
0.03426909283546712, 4670, 0.3736
0.027081843873884116, 4081, 0.32648
0.028238826686466476, 4217, 0.33736
0.026071378431519743, 4071, 0.32568
0.02295886657795108, 3751, 0.30008
0.01844386167327138, 3115, 0.2492
0.020103072829715397, 3507, 0.28056
0.029511742715959424, 4364, 0.34912
0.023938622137577498, 3855, 0.3084
0.03639260044968701, 4826, 0.38608
0.02016351104396181, 3416, 0.27328
0.024041906153480123, 3913, 0.31304
0.015804630982940705, 2866, 0.22928
0.038165366945919446, 4837, 0.38696
0.019061132280830794, 3311, 0.26488
0.040404768718298435, 4982, 0.39856
0.02505709369729812, 3957, 0.31656
0.03589723690773937, 4741, 0.37928
0.014962029955181259, 2748, 0.21984
0.028351526497688646, 4168, 0.33344
0.027943091924667308, 4170, 0.3336
0.016573826650643816, 3022, 0.24176
0.02702074843602958, 4095, 0.3276
0.016403429602948737, 2987, 0.23896
0.02829900207527218, 4191, 0.33528
0.028678715154434695, 4228, 0.33824
0.034869468563576624, 4628, 0.37024
0.02596546319593853, 4058, 0.32464
0.018286463119346008, 3263, 0.26104
0.022822122964066847, 3695, 0.2956
0.030518206483345398, 4332, 0.34656
0.027905591211305803, 4183, 0.33464
0.029889843833064117, 4363, 0.34904
0.02713450823895308, 4069, 0.32552
0.017875828244855087, 3142, 0.25136
0.02193074457140582, 3674, 0.29392
0.02162734700017302, 3599, 0.28792
0.029388153301413103, 4215, 0.3372
0.034295160820085095, 4608, 0.36864
0.02611731345053677, 4087, 0.32696
0.032171417497528665, 4510, 0.3608
0.0173276498342172, 3162, 0.25296
0.03113489629596413, 4396, 0.35168
0.03730247060180258, 4803, 0.38424
0.024819316794169786, 3889, 0.31112
0.037662178836428827, 4800, 0.384
0.02542797580785234, 3970, 0.3176
0.029507370613397466, 4280, 0.3424
0.027876864789866968, 4100, 0.328
0.016049083241194386, 3009, 0.24072
0.029140401362055094, 4297, 0.34376
0.03561391628379303, 4689, 0.37512
0.03898064176687898, 4896, 0.39168
0.037139380838263285, 4790, 0.3832
0.02279603923378948, 3761, 0.30088
0.02323694255593949, 3771, 0.30168
0.018862277856423016, 3212, 0.25696
0.022601615332278488, 3734, 0.29872
0.019238192721100108, 3264, 0.26112
0.029628784515695054, 4281, 0.34248
0.01390927917200906, 2660, 0.2128
0.0356840281230903, 4634, 0.37072
0.03625631689391645, 4748, 0.37984
0.01663808102602376, 3022, 0.24176
0.01636269519226235, 3003, 0.24024
0.03734057336941844, 4832, 0.38656
0.03244706390491075, 4554, 0.36432
0.01797397409138203, 3186, 0.25488
0.025704669760523276, 3971, 0.31768
0.030168846870561632, 4383, 0.35064
0.01869790687689817, 3290, 0.2632
0.02691010694457595, 4091, 0.32728
0.028624358584360663, 4291, 0.34328
0.014392020261619346, 2719, 0.21752
0.015849484480040428, 2917, 0.23336
0.017172181034082867, 3138, 0.25104
0.02865262543616509, 4226, 0.33808
0.03400993206914817, 4638, 0.37104
0.010166457528489527, 2081, 0.16648
0.042703120029988696, 5104, 0.40832
0.030010324599322992, 4353, 0.34824
0.037005888710584765, 4824, 0.38592
0.022662519422491218, 3734, 0.29872
0.0363931267627646, 4775, 0.382
0.021445193441982764, 3631, 0.29048
0.018039095329767742, 3199, 0.25592
0.03259698817017391, 4546, 0.36368
0.022828495863878872, 3658, 0.29264
0.036248946077501204, 4773, 0.38184
0.035639607870635026, 4746, 0.37968
0.02717627037642787, 4096, 0.32768
0.02490137407104803, 3851, 0.30808
0.01834259477044997, 3278, 0.26224
0.02699014806495474, 4171, 0.33368
0.025400063696703418, 3928, 0.31424
0.028909382783672104, 4202, 0.33616
0.042868729354729636, 5195, 0.4156
0.030960656785630616, 4371, 0.34968
0.02714874705554379, 4187, 0.33496
0.036365563418801976, 4712, 0.37696
0.03721222727915544, 4835, 0.3868
0.01681525047002055, 3049, 0.24392
0.01552206325447393, 2850, 0.228
0.02821433651527083, 4200, 0.336
0.029055031956266485, 4380, 0.3504
0.040391078225676356, 4987, 0.39896
0.03313030373462609, 4543, 0.36344
0.033048794945016766, 4619, 0.36952
0.043974158153148875, 5148, 0.41184
0.016584157249872066, 3017, 0.24136
0.024150826384305782, 3813, 0.30504
0.03320041111841114, 4569, 0.36552
0.022911079792517403, 3712, 0.29696
0.02078892173856025, 3471, 0.27768
0.03380944915392679, 4591, 0.36728
0.02344691019225508, 3817, 0.30536
0.02100561615574166, 3501, 0.28008
0.041228174425226714, 5014, 0.40112
0.023876322353756745, 3831, 0.30648
0.026454492496109795, 4125, 0.33
0.021744225050340526, 3668, 0.29344
0.03307731247665294, 4564, 0.36512
0.024710784046301025, 3816, 0.30528
0.009845172947654007, 2053, 0.16424
0.025547220941751204, 3945, 0.3156
0.0307626811325734, 4387, 0.35096
0.04625321272604114, 5293, 0.42344
0.02773400116224703, 4080, 0.3264
0.027477282956295524, 4138, 0.33104
0.027864504184577827, 4175, 0.334
0.032058073053727654, 4501, 0.36008
0.026761685465444194, 4078, 0.32624
0.029297475305182844, 4309, 0.34472
0.029519575380212916, 4301, 0.34408
0.02750602396220947, 4117, 0.32936
0.03910064458168748, 4941, 0.39528
0.02177706045251191, 3581, 0.28648
0.01871366244878359, 3303, 0.26424
0.011710631365418235, 2325, 0.186
0.029452340974291592, 4296, 0.34368
0.029562475993533704, 4249, 0.33992
0.014485402232756784, 2740, 0.2192
0.02052413155503696, 3546, 0.28368
0.02077791251886361, 3510, 0.2808
0.02493899727338806, 3961, 0.31688
0.02312500878125804, 3720, 0.2976
0.039182958654808996, 4981, 0.39848
0.01138051133368405, 2281, 0.18248
0.03059631691754008, 4443, 0.35544
0.0272426080318426, 4078, 0.32624
0.024671526616361534, 3922, 0.31376
0.029806231892270683, 4335, 0.3468
0.028932266396574296, 4226, 0.33808
0.018935792158946755, 3352, 0.26816
0.03257966877043818, 4527, 0.36216
0.022518448662747638, 3639, 0.29112
0.017993113472145675, 3174, 0.25392
0.036506225918222834, 4775, 0.382
0.029763551356244772, 4312, 0.34496
0.024654833983775454, 3825, 0.306
0.034683858812198355, 4667, 0.37336
0.009768986616273718, 2015, 0.1612
0.020970303930499916, 3536, 0.28288
0.014169241321722039, 2675, 0.214
0.010079993096761223, 2087, 0.16696
0.01783916916429393, 3103, 0.24824
0.0445043899113864, 5198, 0.41584
0.019715670172004002, 3391, 0.27128
0.026195568123636187, 3989, 0.31912
0.037580719423273345, 4803, 0.38424
0.04156100105910814, 5065, 0.4052
0.03522809938123585, 4653, 0.37224
0.030651121831693422, 4431, 0.35448
0.02554271403797634, 3990, 0.3192
0.028364674893408996, 4230, 0.3384
0.03615684070800161, 4778, 0.38224
0.013093923756725776, 2563, 0.20504
0.01650639513891867, 3002, 0.24016
0.022590072393334444, 3668, 0.29344
0.02488848380747712, 3946, 0.31568
0.03660088748384747, 4798, 0.38384
0.03164242917264444, 4525, 0.362
0.014525880087564492, 2672, 0.21376
0.020859310188031666, 3500, 0.28
0.017961957485786714, 3185, 0.2548
0.03782770173454942, 4814, 0.38512
0.028141740614925345, 4247, 0.33976
0.025556679840011986, 3925, 0.314
0.03216958652954227, 4449, 0.35592
0.010670535803606497, 2176, 0.17408
0.020652197592467652, 3566, 0.28528
0.0196655641110834, 3369, 0.26952
0.020629082613394346, 3513, 0.28104
0.02914630378712177, 4223, 0.33784
0.035200110705540404, 4700, 0.376
0.02782765369662414, 4147, 0.33176
0.036154957745266225, 4745, 0.3796
0.035403267371316105, 4711, 0.37688
0.023821532463442985, 3859, 0.30872
0.030559057907580466, 4326, 0.34608
0.0236428177749305, 3861, 0.30888
0.017242983076954963, 3002, 0.24016
0.026322793323903016, 4045, 0.3236
0.026636317125677215, 4050, 0.324
0.022671249723338262, 3714, 0.29712
0.04114913267513863, 5048, 0.40384
0.0222107140069331, 3616, 0.28928
0.016908846453449297, 3167, 0.25336
0.018372665017299162, 3229, 0.25832
0.0272850114200899, 4123, 0.32984
0.028581711581260282, 4238, 0.33904
0.018902464806304285, 3248, 0.25984
0.0294340735913322, 4305, 0.3444
0.02445214419054132, 3825, 0.306
0.024643068858054187, 3828, 0.30624
0.0399807786855435, 4963, 0.39704
0.03993262035430821, 4984, 0.39872
0.02976135123428504, 4359, 0.34872
0.03313505125408343, 4525, 0.362
0.034409779337692174, 4696, 0.37568
0.026403916106535343, 4032, 0.32256
0.028165075895463187, 4194, 0.33552
0.030773067427721994, 4380, 0.3504
0.020094622161785643, 3434, 0.27472
0.022454676995636965, 3690, 0.2952
0.03786706771419701, 4820, 0.3856
0.02878758278666859, 4258, 0.34064
0.03192321898087063, 4537, 0.36296
0.020869809722103352, 3464, 0.27712
0.02835516026632868, 4159, 0.33272
0.04176061955830851, 5108, 0.40864
0.03111287018612745, 4451, 0.35608
0.02520817962567459, 3939, 0.31512
0.025870688076406797, 4014, 0.32112
0.03672717113805725, 4786, 0.38288
0.02672943131168437, 4075, 0.326
0.016346746907641273, 3008, 0.24064
0.020836127236417465, 3523, 0.28184
0.0403393139577997, 4950, 0.396
0.031299326339493304, 4410, 0.3528
0.02295590680749122, 3654, 0.29232
0.022006767046137268, 3555, 0.2844
0.03353734958628675, 4573, 0.36584
0.02522503424514021, 3955, 0.3164
0.03323232884137325, 4623, 0.36984
0.025118090803122738, 3951, 0.31608
0.02932474625860394, 4289, 0.34312
0.011104479403601028, 2214, 0.17712
0.028048556630032122, 4268, 0.34144
0.04797743033294341, 5392, 0.43136
0.03199005571430165, 4412, 0.35296
0.03152561730906866, 4511, 0.36088
0.022262415361752084, 3684, 0.29472
0.028998259059031143, 4287, 0.34296
0.017342437726232555, 3044, 0.24352
0.033986021030266884, 4716, 0.37728
0.03391123096358164, 4561, 0.36488
0.03554753287287384, 4749, 0.37992
0.03017800328020779, 4410, 0.3528
0.027722124909055526, 4174, 0.33392
0.0269150551344401, 4015, 0.3212
0.029322273653332575, 4282, 0.34256
0.042538276461188955, 5098, 0.40784
0.029519884913340903, 4310, 0.3448
0.03444825571620874, 4640, 0.3712
0.03032823563082537, 4344, 0.34752
0.025231506090982278, 3934, 0.31472
0.02302451747081627, 3700, 0.296
0.022016661568508393, 3593, 0.28744
0.025734443019499356, 4007, 0.32056
0.02652348199363974, 4074, 0.32592
0.02039228669686524, 3449, 0.27592
0.03392676576738812, 4680, 0.3744
0.03129317385951321, 4422, 0.35376
0.01659896276869987, 3003, 0.24024
0.015378464483229017, 2913, 0.23304
0.008287809490703929, 1781, 0.14248
0.01493558113478861, 2810, 0.2248
0.03657110654704025, 4749, 0.37992
0.015125265981815062, 2869, 0.22952
0.015354588600931245, 2876, 0.23008
0.02041342672463583, 3451, 0.27608
0.0383062965671448, 4875, 0.39
0.02560878679447115, 3942, 0.31536
0.016939286174999586, 3092, 0.24736
0.019200934786830017, 3268, 0.26144
0.024487776372292085, 3866, 0.30928
0.03087010778841446, 4418, 0.35344
0.010768152615770946, 2157, 0.17256
0.02098490594743097, 3538, 0.28304
0.010877290542321871, 2151, 0.17208
0.018950117126382424, 3342, 0.26736
0.0361308586108893, 4726, 0.37808
0.02158556151248951, 3607, 0.28856
0.03733189679179314, 4852, 0.38816
0.022957909028262335, 3731, 0.29848
0.017875458812462552, 3228, 0.25824
0.023832635253680037, 3741, 0.29928
0.015927495077129452, 2824, 0.22592
0.024632719889117236, 3896, 0.31168
0.02952351306721795, 4336, 0.34688
0.031070666675916812, 4474, 0.35792
0.023069575757296665, 3771, 0.30168
0.026954976909281142, 4060, 0.3248
0.04006481957270538, 4948, 0.39584
0.025582849330669306, 3903, 0.31224
0.036336978947735105, 4842, 0.38736
0.017874609421100904, 3178, 0.25424
0.009453184324195717, 2007, 0.16056
0.02736445944121315, 4108, 0.32864
0.02230170783476255, 3640, 0.2912
0.03011747602631871, 4332, 0.34656
0.034345983004971034, 4614, 0.36912
0.023361718536444337, 3741, 0.29928
0.018602988475854988, 3222, 0.25776
0.018306136946632464, 3212, 0.25696
0.04020558418987124, 5023, 0.40184
0.029039124276356413, 4219, 0.33752
0.016589871275907282, 2986, 0.23888
0.04103939845039903, 5009, 0.40072
0.030411246639597756, 4385, 0.3508
0.02607162254257581, 4002, 0.32016
0.029585609501348833, 4305, 0.3444
0.01884666240294569, 3311, 0.26488
0.0375128431193864, 4846, 0.38768
0.023926724224519854, 3828, 0.30624
0.03887418707569776, 4828, 0.38624
0.026651370053409108, 4109, 0.32872
0.012937461994864877, 2495, 0.1996
0.0279344360810528, 4161, 0.33288
0.027952804849855552, 4141, 0.33128
0.036163277273948316, 4712, 0.37696
0.030218691688254477, 4285, 0.3428
0.03751253491445324, 4882, 0.39056
0.038089994164098834, 4908, 0.39264
0.02412341126667721, 3860, 0.3088
0.031281772897256845, 4404, 0.35232
0.03556314188335853, 4769, 0.38152
0.03952263230684863, 4898, 0.39184
0.039916240257563664, 4991, 0.39928
0.04698789797051052, 5328, 0.42624
0.017981412913347258, 3147, 0.25176
0.02651233742477122, 4065, 0.3252
0.02556699326725916, 4010, 0.3208
0.029555427610157826, 4298, 0.34384
0.020431829503546352, 3524, 0.28192
0.04562288333236038, 5251, 0.42008
0.017923805039406746, 3154, 0.25232
0.031517203229175936, 4431, 0.35448
0.04630217818213289, 5268, 0.42144
0.03345011782350186, 4554, 0.36432
0.019457403799964617, 3346, 0.26768
0.016539511663502628, 3015, 0.2412
0.022310019844952827, 3642, 0.29136
0.03132529586320443, 4405, 0.3524
0.02164057890460612, 3605, 0.2884
0.02571050929915495, 4009, 0.32072
0.028563854961325387, 4211, 0.33688
0.026012176516451505, 4020, 0.3216
0.02038128079313679, 3426, 0.27408
0.01648007735650707, 2970, 0.2376
0.03245223286536433, 4506, 0.36048
0.03867418252023122, 4922, 0.39376
0.04565717811728228, 5257, 0.42056
0.030636815283049176, 4438, 0.35504
0.01953723506577647, 3381, 0.27048
0.030801159039892247, 4384, 0.35072
0.043710862814406615, 5167, 0.41336
0.02620222999449806, 4037, 0.32296
0.02565210311363108, 3952, 0.31616
0.02084973572212545, 3514, 0.28112
0.03826282235011417, 4866, 0.38928
0.021175675312064764, 3505, 0.2804
0.03324271814846183, 4599, 0.36792
0.029289084098257555, 4291, 0.34328
0.024167453911465603, 3802, 0.30416
0.026647759098552683, 4068, 0.32544
0.0358392050385205, 4808, 0.38464
0.024423327118293668, 3821, 0.30568
0.007669656085770304, 1683, 0.13464
0.022123514342837745, 3637, 0.29096
0.031253253042413366, 4510, 0.3608
0.03522039275724029, 4737, 0.37896
0.03403226756795786, 4651, 0.37208
0.02336822674550165, 3772, 0.30176
0.021993675416029822, 3599, 0.28792
0.029475457337645172, 4361, 0.34888
0.017370609279209227, 3105, 0.2484
