Time to failure, Number of defective sites, Fraction of defect
0.03311352070836251, 4624, 0.36992
0.03076986895516232, 4544, 0.36352
0.026797666644381445, 4175, 0.334
0.026674271818289887, 4153, 0.33224
0.03285805922509914, 4694, 0.37552
0.02250030555160115, 3764, 0.30112
0.024845987428944314, 4011, 0.32088
0.02633965060379323, 4145, 0.3316
0.031012958969458354, 4493, 0.35944
0.011624581414616326, 2512, 0.20096
0.028203136355616002, 4281, 0.34248
0.020067780888958168, 3578, 0.28624
0.029809052019731438, 4354, 0.34832
0.019768472844942864, 3503, 0.28024
0.02599292746664823, 4150, 0.332
0.030297347130101276, 4495, 0.3596
0.017872713260848157, 3272, 0.26176
0.02643049317826855, 4105, 0.3284
0.034575890416181816, 4759, 0.38072
0.024423576548958294, 4013, 0.32104
0.028970618271674537, 4411, 0.35288
0.024853192378178363, 3980, 0.3184
0.020284185828669865, 3581, 0.28648
0.021319565714993795, 3634, 0.29072
0.023642554401331305, 3918, 0.31344
0.011581959439889957, 2355, 0.1884
0.025730207280580675, 4044, 0.32352
0.049159604576748235, 5463, 0.43704
0.03162384702691874, 4546, 0.36368
0.022934962532662962, 3817, 0.30536
0.03555623714009113, 4793, 0.38344
0.026051681219051208, 4071, 0.32568
0.02330718185974554, 3885, 0.3108
0.0362045346291285, 4779, 0.38232
0.025655590683684067, 4132, 0.33056
0.030645486022425554, 4580, 0.3664
0.020912144212853253, 3689, 0.29512
0.022112731879277234, 3794, 0.30352
0.02402301422767949, 3947, 0.31576
0.03195555778395369, 4604, 0.36832
0.03238846285959657, 4603, 0.36824
0.011660990539421611, 2421, 0.19368
0.020412245897065164, 3569, 0.28552
0.035721127292182825, 4830, 0.3864
0.03272077639339239, 4591, 0.36728
0.02020455165856768, 3489, 0.27912
0.02636998608382337, 4158, 0.33264
0.018918638288898858, 3416, 0.27328
0.036457321520612776, 4890, 0.3912
0.03523330893894399, 4822, 0.38576
0.018180769183548752, 3261, 0.26088
0.031975721939583354, 4584, 0.36672
0.031682002114620335, 4606, 0.36848
0.02308286880893442, 3806, 0.30448
0.024622847567519545, 3956, 0.31648
0.025637689115151692, 4031, 0.32248
0.03362861262165266, 4675, 0.374
0.036050843571536234, 4866, 0.38928
0.0301371146800912, 4412, 0.35296
0.040614000817162266, 5183, 0.41464
0.029863719438138123, 4432, 0.35456
0.031217961657032254, 4543, 0.36344
0.03342241438543065, 4740, 0.3792
0.03389051761183747, 4639, 0.37112
0.034111306507408526, 4716, 0.37728
0.02995376887856513, 4365, 0.3492
0.03709109756471456, 4967, 0.39736
0.008217648768998729, 1833, 0.14664
0.025993561701251784, 4139, 0.33112
0.021204709746570304, 3591, 0.28728
0.019522311223902352, 3520, 0.2816
0.03349648642006825, 4626, 0.37008
0.02831956828821316, 4284, 0.34272
0.026902529708935155, 4140, 0.3312
0.027552999774747827, 4225, 0.338
0.018666452133247066, 3352, 0.26816
0.029816370242657753, 4446, 0.35568
0.03132001305817868, 4526, 0.36208
0.026610177555853248, 4211, 0.33688
0.0324722074139953, 4628, 0.37024
0.045429007748861855, 5310, 0.4248
0.019825513880991092, 3550, 0.284
0.021139012465456845, 3619, 0.28952
0.029992923156892493, 4462, 0.35696
0.035128493191130705, 4795, 0.3836
0.018677896373499515, 3375, 0.27
0.020554597436475714, 3561, 0.28488
0.02726291634085827, 4215, 0.3372
0.03721249497085346, 4914, 0.39312
0.023189219057993753, 3768, 0.30144
0.02961330277406472, 4421, 0.35368
0.02206058134125685, 3718, 0.29744
0.030626738010401524, 4488, 0.35904
0.019771264695328368, 3498, 0.27984
0.02513226981371811, 4030, 0.3224
0.023419246904015048, 3791, 0.30328
0.029978718371511733, 4455, 0.3564
0.023484477245501213, 3889, 0.31112
0.031236643138471954, 4493, 0.35944
0.015600757829249202, 2964, 0.23712
0.03229363671570773, 4603, 0.36824
0.031127438394091007, 4522, 0.36176
0.028708731448512124, 4236, 0.33888
0.02951486351881985, 4408, 0.35264
0.02665272414400991, 4189, 0.33512
0.020425209894642006, 3618, 0.28944
0.016781363129276358, 3134, 0.25072
0.028671219326173707, 4321, 0.34568
0.020333320809092784, 3534, 0.28272
0.031909339014745124, 4507, 0.36056
0.025120925356152186, 4001, 0.32008
0.017332098177044102, 3154, 0.25232
0.03390963679317041, 4670, 0.3736
0.03990865332020582, 5032, 0.40256
0.01793910515304991, 3271, 0.26168
0.018187783958869302, 3444, 0.27552
0.038258596692400684, 4946, 0.39568
0.033241324116984765, 4573, 0.36584
0.027930290843010405, 4212, 0.33696
0.019882672976422065, 3510, 0.2808
0.022169058218792108, 3728, 0.29824
0.03322490721684662, 4631, 0.37048
0.019239933756361436, 3388, 0.27104
0.022735355083759783, 3808, 0.30464
0.042351591003131066, 5161, 0.41288
0.021677824559522708, 3699, 0.29592
0.027603899344326402, 4294, 0.34352
0.022731979943529115, 3803, 0.30424
0.04067358766754095, 5124, 0.40992
0.017070425421815204, 3186, 0.25488
0.022300205847392014, 3779, 0.30232
0.017801817365655746, 3215, 0.2572
0.03434821510592539, 4802, 0.38416
0.031999659134467597, 4631, 0.37048
0.028846142747187078, 4251, 0.34008
0.028071795885186965, 4279, 0.34232
0.04060285170757082, 5118, 0.40944
0.013592944877072025, 2714, 0.21712
0.027101787263192262, 4183, 0.33464
0.026992124967422853, 4174, 0.33392
0.01970585741069731, 3575, 0.286
0.02999138865908272, 4388, 0.35104
0.027831048697696332, 4307, 0.34456
0.01326303981246544, 2719, 0.21752
0.03749333215261448, 4924, 0.39392
0.03209059724685291, 4591, 0.36728
0.039752766093647904, 4983, 0.39864
0.0368557112511672, 4910, 0.3928
0.01972253826489761, 3452, 0.27616
0.02654160362770866, 4141, 0.33128
0.037386960619133276, 4923, 0.39384
0.0309820807111483, 4560, 0.3648
0.029615648003922957, 4423, 0.35384
0.033043964989338565, 4652, 0.37216
0.0169541433423994, 3205, 0.2564
0.033541796312003866, 4715, 0.3772
0.039557251879438454, 5023, 0.40184
0.031740534663757695, 4522, 0.36176
0.019179170400446765, 3414, 0.27312
0.016060029857520062, 3017, 0.24136
0.035471001366025115, 4773, 0.38184
0.028836883920110124, 4350, 0.348
0.031086960682905198, 4454, 0.35632
0.031129406794238694, 4498, 0.35984
0.02535466744337057, 4110, 0.3288
0.02554671134746111, 4011, 0.32088
0.03809632108255983, 4941, 0.39528
0.028624852278132912, 4318, 0.34544
0.017614381875404074, 3244, 0.25952
0.03497838350575022, 4788, 0.38304
0.0400245321199674, 5076, 0.40608
0.03526394144186163, 4825, 0.386
0.022356700796517907, 3780, 0.3024
0.028388033454120568, 4269, 0.34152
0.047953319628344364, 5447, 0.43576
0.020231149867534895, 3559, 0.28472
0.030557743125982702, 4465, 0.3572
0.027495418783962104, 4256, 0.34048
0.022861227545378518, 3796, 0.30368
0.036213496917938466, 4835, 0.3868
0.030207117075000085, 4413, 0.35304
0.029076248653825198, 4373, 0.34984
0.036800896074892134, 4918, 0.39344
0.029486476559168997, 4374, 0.34992
0.029520135199814796, 4439, 0.35512
0.01802219668060878, 3246, 0.25968
0.026862352291855577, 4208, 0.33664
0.03825944754630401, 4977, 0.39816
0.025139697980372865, 3982, 0.31856
0.023773652990740964, 3924, 0.31392
0.03367453872493971, 4703, 0.37624
0.007659530083698257, 1732, 0.13856
0.032544031727851135, 4640, 0.3712
0.035592649387443415, 4818, 0.38544
0.021962950465675014, 3801, 0.30408
0.02667950662942295, 4181, 0.33448
0.02371795421711273, 3875, 0.31
0.029503412296827757, 4430, 0.3544
0.02951219037603491, 4431, 0.35448
0.009467468022913117, 2039, 0.16312
0.023280697487697476, 3891, 0.31128
0.028590638077726865, 4310, 0.3448
0.036932475024049734, 4895, 0.3916
0.03116640431419991, 4518, 0.36144
0.04086516574343896, 5073, 0.40584
0.021435633904059382, 3629, 0.29032
0.023182892124330976, 3824, 0.30592
0.02194267224807016, 3710, 0.2968
0.01798662688435276, 3287, 0.26296
0.02972641126026948, 4373, 0.34984
0.016030070591890044, 2990, 0.2392
0.024744247766269475, 4000, 0.32
0.026304266078577526, 4059, 0.32472
0.01878063491352116, 3344, 0.26752
0.03383379872648038, 4614, 0.36912
0.021979575867488915, 3795, 0.3036
0.03558905624773752, 4795, 0.3836
0.016407639380355134, 3090, 0.2472
0.0323273568889779, 4600, 0.368
0.021494493162651958, 3707, 0.29656
0.02859257183172875, 4348, 0.34784
0.0249289484804153, 4045, 0.3236
0.03942005621084115, 4979, 0.39832
0.031864384401475834, 4604, 0.36832
0.03879325890130388, 4946, 0.39568
0.02596167952858354, 4080, 0.3264
0.041987825341389694, 5154, 0.41232
0.024289159513418066, 3990, 0.3192
0.033797372850978474, 4662, 0.37296
0.023723114344586453, 3845, 0.3076
0.0357652806821186, 4772, 0.38176
0.03298798915418982, 4662, 0.37296
0.03022328622723939, 4404, 0.35232
0.0325212233597851, 4619, 0.36952
0.03307431274078762, 4674, 0.37392
0.02685764835836287, 4126, 0.33008
0.015262869628359607, 2950, 0.236
0.027208083898906162, 4201, 0.33608
0.03480285867439706, 4757, 0.38056
0.027500229019741366, 4235, 0.3388
0.02395142880944404, 3963, 0.31704
0.03082337405011516, 4518, 0.36144
0.03546849662935631, 4788, 0.38304
0.017002207263313977, 3107, 0.24856
0.020396121357759932, 3551, 0.28408
0.023789903187812093, 3876, 0.31008
0.03135515401579397, 4602, 0.36816
0.01458058184122335, 2834, 0.22672
0.029101721614655466, 4440, 0.3552
0.03402022337236359, 4786, 0.38288
0.041281370919597174, 5118, 0.40944
0.028641921281210795, 4313, 0.34504
0.032497677679472564, 4656, 0.37248
0.014042202454186798, 2681, 0.21448
0.03468587820530928, 4730, 0.3784
0.029240376515699502, 4439, 0.35512
0.028342638722192545, 4355, 0.3484
0.02525799875650069, 4155, 0.3324
0.025394324543663287, 4122, 0.32976
0.016109893203726862, 3017, 0.24136
0.030206787671869927, 4453, 0.35624
0.03493513820612316, 4745, 0.3796
0.03352312212866874, 4662, 0.37296
0.01525162793218358, 2876, 0.23008
0.022801915079643246, 3812, 0.30496
0.02088820660655913, 3624, 0.28992
0.028332116970217477, 4365, 0.3492
0.041641896037697655, 5176, 0.41408
0.021063606122188803, 3553, 0.28424
0.03035296077651385, 4475, 0.358
0.041390534350947895, 5120, 0.4096
0.028018776657857788, 4226, 0.33808
0.03529330451144985, 4781, 0.38248
0.024390780681103657, 3964, 0.31712
0.03534948419569127, 4782, 0.38256
0.02919342672080396, 4395, 0.3516
0.027518048679282595, 4233, 0.33864
0.03500305286816234, 4729, 0.37832
0.030986221761540186, 4487, 0.35896
0.023547786896881816, 3927, 0.31416
0.043932248810982275, 5240, 0.4192
0.04147565251986232, 5113, 0.40904
0.023550849104576933, 3920, 0.3136
0.02438716217326341, 4000, 0.32
0.020186470916491818, 3561, 0.28488
0.027753045606464986, 4314, 0.34512
0.030613461193552145, 4506, 0.36048
0.02438396186741846, 3909, 0.31272
0.03098436822530438, 4476, 0.35808
0.038049348765608663, 4941, 0.39528
0.03169806317501819, 4518, 0.36144
0.03863984500209734, 4949, 0.39592
0.03154423509760022, 4519, 0.36152
0.032163221221910454, 4567, 0.36536
0.02885441456299351, 4360, 0.3488
0.026422557336102832, 4123, 0.32984
0.024481302169477664, 4037, 0.32296
0.01767060538177994, 3238, 0.25904
0.035265236060944706, 4780, 0.3824
0.027631269573772013, 4245, 0.3396
0.02987677917306241, 4446, 0.35568
0.03257136235979105, 4633, 0.37064
0.03767542313800961, 4937, 0.39496
0.02695676088756395, 4250, 0.34
0.025015152524902832, 4026, 0.32208
0.03525302059668043, 4783, 0.38264
0.019607121466142227, 3490, 0.2792
0.020872543352372194, 3630, 0.2904
0.026876332018793365, 4148, 0.33184
0.019750830655648064, 3422, 0.27376
0.04139270647361402, 5168, 0.41344
0.03135439327791308, 4563, 0.36504
0.029976351541742663, 4375, 0.35
0.022351052326277928, 3775, 0.302
0.028419908762205112, 4318, 0.34544
0.016987981541906564, 3225, 0.258
0.026451113043872525, 4106, 0.32848
0.023196641443987157, 3810, 0.3048
0.022047278680943624, 3698, 0.29584
0.019977800174920693, 3545, 0.2836
0.01831109249357559, 3351, 0.26808
0.024459913105163645, 3946, 0.31568
0.027218655025023724, 4230, 0.3384
0.03351073970244851, 4626, 0.37008
0.03160975606035137, 4536, 0.36288
0.0323718039267055, 4561, 0.36488
0.027695020969881152, 4291, 0.34328
0.02610345445123101, 4173, 0.33384
0.014184619095165607, 2783, 0.22264
0.028975458691298427, 4396, 0.35168
0.020388623606124225, 3600, 0.288
0.027899227909882248, 4227, 0.33816
0.031531820689491744, 4557, 0.36456
0.03684546840211451, 4914, 0.39312
0.04063836204021565, 5061, 0.40488
0.03480308592077024, 4751, 0.38008
0.026018612856621236, 4167, 0.33336
0.028795949562954556, 4299, 0.34392
0.03758676091392687, 4913, 0.39304
0.02237115480540195, 3741, 0.29928
0.033084633665559866, 4697, 0.37576
0.029555185794440858, 4402, 0.35216
0.03242569981058622, 4602, 0.36816
0.021410412830532567, 3709, 0.29672
0.028097598324094353, 4350, 0.348
0.024513228697016276, 4032, 0.32256
0.03668644634585285, 4834, 0.38672
0.02499326716589749, 4040, 0.3232
0.02257915296935018, 3802, 0.30416
0.02290197150760142, 3805, 0.3044
0.027318252910608506, 4223, 0.33784
0.027714007846829782, 4257, 0.34056
0.025458603659441255, 4057, 0.32456
0.03515704606854864, 4812, 0.38496
0.03204356115740578, 4635, 0.3708
0.008067880581287329, 1819, 0.14552
0.0384502950394318, 4933, 0.39464
0.013063481806329153, 2661, 0.21288
0.03002876263899275, 4444, 0.35552
0.030126923111527856, 4411, 0.35288
0.027703046246375724, 4222, 0.33776
0.028961950361005746, 4395, 0.3516
0.03802950929330661, 4968, 0.39744
0.02183477526387733, 3772, 0.30176
0.03223962602675514, 4587, 0.36696
0.03028671472250203, 4478, 0.35824
0.014628684923876329, 2859, 0.22872
0.02460138442305494, 3981, 0.31848
0.017680285107562456, 3271, 0.26168
0.030496596560952986, 4464, 0.35712
0.020355053582362333, 3585, 0.2868
0.031401086095051794, 4601, 0.36808
0.022534678995928054, 3760, 0.3008
0.03117875041165613, 4522, 0.36176
0.029589247557356424, 4411, 0.35288
0.008082984764905632, 1770, 0.1416
0.034136330771563, 4705, 0.3764
0.02724235452031928, 4239, 0.33912
0.03600411328034703, 4788, 0.38304
0.026808416639194286, 4209, 0.33672
0.020766079784926218, 3674, 0.29392
0.03362135061939942, 4659, 0.37272
0.02621787110193831, 4120, 0.3296
0.02483699182209338, 4018, 0.32144
0.02651024131854269, 4194, 0.33552
0.028740089702481996, 4354, 0.34832
0.025119905191350208, 4067, 0.32536
0.03185406416624289, 4565, 0.3652
0.02227347735697155, 3772, 0.30176
0.026217305676335026, 4060, 0.3248
0.02875802516900364, 4339, 0.34712
0.038037555233610396, 4941, 0.39528
0.03517390071865773, 4792, 0.38336
0.021690372067051607, 3799, 0.30392
0.027781011693692067, 4233, 0.33864
0.019899873380765817, 3490, 0.2792
0.029395649393536012, 4362, 0.34896
0.022971312641422183, 3839, 0.30712
0.03163090650631281, 4573, 0.36584
0.03343460078800862, 4673, 0.37384
0.011187327093473027, 2331, 0.18648
0.02531394622552171, 4017, 0.32136
0.019413667045936934, 3363, 0.26904
0.025810517459309203, 4108, 0.32864
0.03760469542671301, 4914, 0.39312
0.022483236157461214, 3771, 0.30168
0.014180646701765918, 2804, 0.22432
0.02393880642026576, 3874, 0.30992
0.032608663239474776, 4613, 0.36904
0.02537063598420331, 4064, 0.32512
0.03318481953595927, 4728, 0.37824
0.02544922153090591, 4069, 0.32552
0.01580533425484695, 3004, 0.24032
0.021114789007632067, 3583, 0.28664
0.029231356526334247, 4415, 0.3532
0.04616271978189778, 5363, 0.42904
0.011741618635505734, 2410, 0.1928
0.02977691451701547, 4401, 0.35208
0.03392043170382848, 4743, 0.37944
0.024923141547713867, 3982, 0.31856
0.022561107340704996, 3803, 0.30424
0.024262737744053842, 3930, 0.3144
0.023839367387376006, 3883, 0.31064
0.01848486276012217, 3302, 0.26416
0.03465370676222191, 4727, 0.37816
0.034944683626548616, 4726, 0.37808
0.038337090173898664, 4953, 0.39624
0.02712814401532386, 4221, 0.33768
0.023426602704212904, 3879, 0.31032
0.031101732107011837, 4512, 0.36096
0.030203815236451995, 4430, 0.3544
0.031164655475766963, 4456, 0.35648
0.04038240021836521, 5087, 0.40696
0.03866098274415801, 5018, 0.40144
0.03778632724250289, 4920, 0.3936
0.03343475968459383, 4695, 0.3756
0.015064784255830991, 2873, 0.22984
0.037943466658985604, 4965, 0.3972
0.02963051443226109, 4446, 0.35568
0.03968274512211857, 5061, 0.40488
0.016550022365041044, 3106, 0.24848
0.01857494784829501, 3369, 0.26952
0.013399284154006848, 2550, 0.204
0.039702637628802155, 5064, 0.40512
0.02100231644740338, 3581, 0.28648
0.02531067166801151, 4088, 0.32704
0.024955979955374432, 4062, 0.32496
0.03702576712317807, 4919, 0.39352
0.019586472545152146, 3534, 0.28272
0.03873022324749068, 5009, 0.40072
0.023487409726512334, 3851, 0.30808
0.03223724046930708, 4591, 0.36728
0.029288435362717975, 4382, 0.35056
0.013158050872305864, 2712, 0.21696
0.026115674572409705, 4159, 0.33272
0.019856890009670752, 3502, 0.28016
0.018447704876621427, 3382, 0.27056
0.02889832029179266, 4348, 0.34784
0.033524705459487505, 4671, 0.37368
0.02376174166473555, 3896, 0.31168
0.03394278944902447, 4711, 0.37688
0.026881436453766713, 4260, 0.3408
0.015872116936702627, 3052, 0.24416
0.023827194134053403, 3853, 0.30824
0.032304568866217985, 4561, 0.36488
0.021740297691325332, 3624, 0.28992
0.02927175558015182, 4403, 0.35224
0.023239261263602064, 3925, 0.314
0.029626843174868116, 4419, 0.35352
0.037158814421173546, 4923, 0.39384
0.02535109888094509, 4030, 0.3224
0.02213280590150652, 3780, 0.3024
0.04690384331793441, 5423, 0.43384
0.02478554734240613, 3968, 0.31744
0.02673525052077952, 4156, 0.33248
0.030763346193444816, 4488, 0.35904
0.030744879740310295, 4448, 0.35584
0.03180410396833947, 4587, 0.36696
0.008652436250689236, 1976, 0.15808
0.032680854308390336, 4664, 0.37312
0.01089160053284197, 2279, 0.18232
0.024528421251326704, 3989, 0.31912
0.016938690492930106, 3161, 0.25288
0.03237419281735307, 4627, 0.37016
0.02599095661403755, 4148, 0.33184
0.009735415188243146, 2051, 0.16408
0.025636364265679196, 4100, 0.328
0.0325175109827823, 4654, 0.37232
0.01626357804592684, 3103, 0.24824
0.019769840204615884, 3435, 0.2748
0.02348330458340295, 3922, 0.31376
0.03073875836762695, 4445, 0.3556
0.03670756233970917, 4880, 0.3904
0.031589374026811765, 4545, 0.3636
0.02971086421798958, 4388, 0.35104
0.02048633684181234, 3539, 0.28312
0.02642572170640831, 4114, 0.32912
0.021201318573523555, 3660, 0.2928
0.01798227831088724, 3277, 0.26216
0.023779128483875655, 3895, 0.3116
0.01840231674615557, 3360, 0.2688
0.03061598127497355, 4503, 0.36024
0.02279080251067711, 3808, 0.30464
0.03241884290482243, 4631, 0.37048
0.025348499851077236, 4104, 0.32832
0.023766522497219153, 3936, 0.31488
0.033255020982492625, 4647, 0.37176
0.01872261843681873, 3399, 0.27192
0.021782695373898788, 3726, 0.29808
0.032300795023276464, 4678, 0.37424
0.03451080920718267, 4755, 0.3804
0.013794383993339517, 2767, 0.22136
0.03068028701371722, 4474, 0.35792
0.03524538427432606, 4736, 0.37888
0.03848448762044398, 4971, 0.39768
0.013899526663548916, 2726, 0.21808
0.01954440758155373, 3389, 0.27112
0.020503377651197457, 3524, 0.28192
0.025403011047085835, 4065, 0.3252
0.03555000184510398, 4852, 0.38816
0.02225690962430205, 3752, 0.30016
0.015331278680664865, 2921, 0.23368
0.037737497405569004, 4932, 0.39456
0.03106692216577817, 4482, 0.35856
0.02658445878367243, 4151, 0.33208
0.021984700381298225, 3749, 0.29992
0.030518231333582443, 4438, 0.35504
0.020052698647824142, 3539, 0.28312
0.035067815355286996, 4800, 0.384
0.03241047932627681, 4626, 0.37008
0.018214927509253992, 3314, 0.26512
0.02829418803057765, 4278, 0.34224
0.03235393128177235, 4576, 0.36608
0.03164759006199376, 4559, 0.36472
0.012150927065409005, 2480, 0.1984
0.02774594442154603, 4299, 0.34392
0.026680165327805785, 4145, 0.3316
0.0405971583217689, 5078, 0.40624
0.027850110202530125, 4242, 0.33936
0.029755207745252473, 4366, 0.34928
0.02252826848676126, 3706, 0.29648
0.029910631467095158, 4373, 0.34984
0.007876200029019809, 1748, 0.13984
0.037530059317133865, 5010, 0.4008
0.014840029044173253, 2946, 0.23568
0.03973356136980847, 5054, 0.40432
0.0344889455973888, 4764, 0.38112
0.02904664917687486, 4381, 0.35048
0.023784568399405525, 3981, 0.31848
0.018408536072859406, 3324, 0.26592
0.03369660588340912, 4683, 0.37464
0.02483403218897209, 4015, 0.3212
0.032925935384171656, 4713, 0.37704
0.02902642565879857, 4321, 0.34568
0.00937858317812385, 2001, 0.16008
0.03389983676409232, 4654, 0.37232
0.04293607598662285, 5202, 0.41616
0.018960478060702914, 3397, 0.27176
0.031218124527773956, 4507, 0.36056
0.03830746911680567, 4930, 0.3944
0.02820358783289371, 4368, 0.34944
0.0181838508708825, 3322, 0.26576
0.026499917295230782, 4147, 0.33176
0.025487668930841284, 4067, 0.32536
0.024796560727010655, 4041, 0.32328
0.026415827150171715, 4153, 0.33224
0.024032410245048968, 3910, 0.3128
0.027620226891930683, 4264, 0.34112
0.028828175594592276, 4337, 0.34696
0.029413776359565703, 4431, 0.35448
0.03107721303570079, 4503, 0.36024
0.029510470526590726, 4396, 0.35168
0.02299308234497227, 3853, 0.30824
0.011939895357112323, 2443, 0.19544
0.027758212055943445, 4268, 0.34144
0.020416960185764173, 3620, 0.2896
0.032726293820877, 4570, 0.3656
0.022564506888785602, 3794, 0.30352
0.027594857282654043, 4216, 0.33728
0.023718258854283948, 3878, 0.31024
0.02067597991751151, 3563, 0.28504
0.038198586302232496, 5017, 0.40136
0.032788908315281355, 4682, 0.37456
0.028366151810495475, 4285, 0.3428
0.02245833842273704, 3828, 0.30624
0.02861508252736099, 4384, 0.35072
0.01605438540839156, 2970, 0.2376
0.0354601972378866, 4730, 0.3784
0.0336374095723803, 4712, 0.37696
0.014324728198816679, 2813, 0.22504
0.0168368356912152, 3097, 0.24776
0.023084559248178583, 3907, 0.31256
0.024386905029266742, 3922, 0.31376
0.025394824662915864, 4072, 0.32576
0.016597195986698343, 3059, 0.24472
0.028754953875946336, 4356, 0.34848
0.04380128195308699, 5206, 0.41648
0.02932920481094653, 4327, 0.34616
0.022561597798092196, 3742, 0.29936
0.0354871850980383, 4748, 0.37984
0.02159595716674779, 3712, 0.29696
0.02389761075399684, 3908, 0.31264
0.032594413745599675, 4641, 0.37128
0.028932106222847906, 4394, 0.35152
0.03185945282234376, 4561, 0.36488
0.019271538358154622, 3454, 0.27632
0.023117562941165504, 3800, 0.304
0.024069566311442497, 3971, 0.31768
0.02599236043012513, 4164, 0.33312
0.03168418859129558, 4529, 0.36232
0.01682448729538589, 3169, 0.25352
0.016604551280275447, 3118, 0.24944
0.02958507184039603, 4384, 0.35072
0.027858705076829186, 4221, 0.33768
0.0203096942893065, 3564, 0.28512
0.030585465134551362, 4427, 0.35416
0.037094886560307454, 4851, 0.38808
0.020045665945503853, 3518, 0.28144
0.03974620649462787, 5021, 0.40168
0.027763105562850422, 4239, 0.33912
0.032038334371650996, 4559, 0.36472
0.024398656532392603, 3921, 0.31368
0.02163378106659872, 3711, 0.29688
0.027539380692764962, 4189, 0.33512
0.031488943091412605, 4532, 0.36256
0.02972932880562481, 4406, 0.35248
0.031316068327754375, 4537, 0.36296
0.02079066988588885, 3590, 0.2872
0.03133434691091847, 4543, 0.36344
0.050336523731175815, 5521, 0.44168
0.029341033094291362, 4387, 0.35096
0.03161030406756056, 4620, 0.3696
0.042037631814216075, 5154, 0.41232
0.028979359563604624, 4371, 0.34968
0.02321864441825927, 3952, 0.31616
0.02320197549596024, 3863, 0.30904
0.03723459261450611, 4981, 0.39848
0.01089488598044217, 2252, 0.18016
0.029099617494887597, 4407, 0.35256
0.0330911818831476, 4674, 0.37392
0.030649341742737306, 4464, 0.35712
0.025196035329526103, 4066, 0.32528
0.024264503766942752, 3932, 0.31456
0.021947781155755075, 3688, 0.29504
0.019732021809972744, 3519, 0.28152
0.02626107157619273, 4221, 0.33768
0.02472514717925926, 3921, 0.31368
0.029733000516409935, 4460, 0.3568
0.030508687423029847, 4467, 0.35736
0.02998753585440046, 4461, 0.35688
0.02893019287992965, 4291, 0.34328
0.017086680698089406, 3189, 0.25512
0.030258860085667638, 4457, 0.35656
0.036443476858988355, 4867, 0.38936
0.03069632115231109, 4507, 0.36056
0.02345340445786023, 3823, 0.30584
0.031214662466724923, 4500, 0.36
0.03573791454177515, 4776, 0.38208
0.024804825384500705, 3998, 0.31984
0.041069925612319674, 5152, 0.41216
0.025844579565065345, 4068, 0.32544
0.01614988210399682, 2984, 0.23872
0.01821450275680744, 3359, 0.26872
0.026945946043910287, 4188, 0.33504
0.022712576699140875, 3776, 0.30208
0.024197597154570104, 3993, 0.31944
0.03008633569463633, 4425, 0.354
0.03275797770434412, 4597, 0.36776
0.028205773626800976, 4278, 0.34224
0.018556023101489346, 3264, 0.26112
0.04678042056124881, 5376, 0.43008
0.025873831445441343, 4075, 0.326
0.03722395395479994, 4929, 0.39432
0.031062648180295256, 4528, 0.36224
0.034813839937969944, 4757, 0.38056
0.023249337646714094, 3823, 0.30584
0.020251387250339932, 3557, 0.28456
0.01492239382751596, 2923, 0.23384
0.02208887433122722, 3726, 0.29808
0.029332305222089794, 4414, 0.35312
0.024104971904876597, 3950, 0.316
0.03516708192423997, 4835, 0.3868
0.01996473973358432, 3531, 0.28248
0.024428379868448025, 3992, 0.31936
0.030707793956435143, 4466, 0.35728
0.011641912634812233, 2423, 0.19384
0.030930634634394195, 4519, 0.36152
0.025980468708681006, 4073, 0.32584
0.038091861370428595, 4939, 0.39512
0.026536129315865107, 4162, 0.33296
0.01936275101576896, 3453, 0.27624
0.027291958877260568, 4185, 0.3348
0.037750726323373625, 4914, 0.39312
0.02408532458567918, 3874, 0.30992
0.0310077045221614, 4509, 0.36072
0.0093477247151741, 2023, 0.16184
0.024679457102726607, 4061, 0.32488
0.036930133304842655, 4932, 0.39456
0.018620874172959417, 3307, 0.26456
0.02571333424434266, 4116, 0.32928
