Time to failure, Number of defective sites, Fraction of defect
0.01956220301385165, 671, 0.05368
0.014710741092756063, 468, 0.03744
0.01579125183782026, 526, 0.04208
0.01417097212109738, 454, 0.03632
0.014616208586974013, 521, 0.04168
0.00739257659317832, 260, 0.0208
0.016399107803587058, 555, 0.0444
0.01033611699644611, 370, 0.0296
0.00797949110584158, 275, 0.022
0.016765501408941966, 479, 0.03832
0.010387775858498323, 326, 0.02608
0.013193205847319544, 463, 0.03704
0.011179862275342732, 375, 0.03
0.01389140417446512, 465, 0.0372
0.018258456636915943, 612, 0.04896
0.016198074708326207, 576, 0.04608
0.022222496891884595, 692, 0.05536
0.013814401948456172, 452, 0.03616
0.007400319468155726, 274, 0.02192
0.008174497250967968, 268, 0.02144
0.012278033350937977, 408, 0.03264
0.01126864870071755, 376, 0.03008
0.009540836967662083, 313, 0.02504
0.012064432076522448, 407, 0.03256
0.010408136956108283, 308, 0.02464
0.018820262790897085, 588, 0.04704
0.016000830642676718, 535, 0.0428
0.016517140345923397, 570, 0.0456
0.014716432506769505, 495, 0.0396
0.010523727075539694, 392, 0.03136
0.014953296847135807, 462, 0.03696
0.013113967857934627, 420, 0.0336
0.017614023056049654, 558, 0.04464
0.014949455501711662, 524, 0.04192
0.011705702948522677, 398, 0.03184
0.010124818062908386, 338, 0.02704
0.013453320479879061, 473, 0.03784
0.00877747234402953, 282, 0.02256
0.00816513957043251, 299, 0.02392
0.016819771352233538, 567, 0.04536
0.016523739511442967, 562, 0.04496
0.0152164398497808, 498, 0.03984
0.01633222960447752, 550, 0.044
0.017047141579609817, 574, 0.04592
0.01550800226563481, 480, 0.0384
0.013326702964787083, 454, 0.03632
0.008824745841032199, 300, 0.024
0.016066763839587862, 496, 0.03968
0.007519257221483819, 221, 0.01768
0.014488254170113178, 476, 0.03808
0.013034009770292928, 420, 0.0336
0.02187639118257022, 681, 0.05448
0.012999043941487936, 436, 0.03488
0.013785209669727369, 450, 0.036
0.014700237803048336, 476, 0.03808
0.011607460412231851, 383, 0.03064
0.006813297689554923, 242, 0.01936
0.013586816239630421, 455, 0.0364
0.00788064633207902, 296, 0.02368
0.014215566872247249, 481, 0.03848
0.015367842730240777, 527, 0.04216
0.009318821236080268, 328, 0.02624
0.01690000068590263, 542, 0.04336
0.015586441355849443, 501, 0.04008
0.009892654564630385, 332, 0.02656
0.016859915931966202, 592, 0.04736
0.01645299177029901, 548, 0.04384
0.012857952957187991, 403, 0.03224
0.0156877560317166, 533, 0.04264
0.017481432649497714, 614, 0.04912
0.010916042780962606, 366, 0.02928
0.012018616851195919, 417, 0.03336
0.015554966486949033, 484, 0.03872
0.01565679298034318, 505, 0.0404
0.014495609751483752, 525, 0.042
0.014364245197279128, 463, 0.03704
0.01896251356478675, 618, 0.04944
0.012091844997052192, 398, 0.03184
0.010393897612446005, 380, 0.0304
0.015678604668358992, 528, 0.04224
0.013828732606163928, 497, 0.03976
0.013849045762195741, 458, 0.03664
0.006957349538120963, 223, 0.01784
0.015179282344599265, 452, 0.03616
0.010994038726576304, 388, 0.03104
0.01324235353726817, 462, 0.03696
0.015537353424963174, 526, 0.04208
0.01465092670755856, 475, 0.038
0.018799174208234706, 618, 0.04944
0.01639476803401194, 545, 0.0436
0.013690149471910424, 440, 0.0352
0.011606068589513312, 387, 0.03096
0.017612200138227868, 600, 0.048
0.01733629623192093, 566, 0.04528
0.018660864723835158, 613, 0.04904
0.013868534151186242, 434, 0.03472
0.01719362567363224, 595, 0.0476
0.016159054119122957, 511, 0.04088
0.005205100922426122, 206, 0.01648
0.011293091191622563, 386, 0.03088
0.015381202179354413, 506, 0.04048
0.01016808407293155, 347, 0.02776
0.010626030171175605, 354, 0.02832
0.020376215549308366, 668, 0.05344
0.008606023774195939, 278, 0.02224
0.01408074415262067, 462, 0.03696
0.018786960874096918, 633, 0.05064
0.02086840664203783, 694, 0.05552
0.020371124857488904, 667, 0.05336
0.0071171840033677864, 230, 0.0184
0.013081386494217516, 427, 0.03416
0.016901006627236582, 539, 0.04312
0.0186833878093549, 595, 0.0476
0.004571141310584374, 157, 0.01256
0.012080895000570996, 424, 0.03392
0.014761297953905426, 459, 0.03672
0.006631478915803786, 197, 0.01576
0.016178844966625062, 569, 0.04552
0.014403929595462632, 482, 0.03856
0.01717370230503388, 548, 0.04384
0.0165669352961522, 548, 0.04384
0.012858676253871677, 420, 0.0336
0.009446972595643586, 282, 0.02256
0.01661177362498582, 570, 0.0456
0.010551114845736648, 375, 0.03
0.009818444058353767, 343, 0.02744
0.013048535066651353, 457, 0.03656
0.011864130402109993, 402, 0.03216
0.020688381599159648, 723, 0.05784
0.013884766546583927, 469, 0.03752
0.00877136650127898, 279, 0.02232
0.014934639842415054, 495, 0.0396
0.020301737168872108, 589, 0.04712
0.011511062566182822, 392, 0.03136
0.007980144176079505, 273, 0.02184
0.006934000197298274, 248, 0.01984
0.01540536281108494, 498, 0.03984
0.018802275274065007, 633, 0.05064
0.004187742899363484, 144, 0.01152
0.015185298578297297, 502, 0.04016
0.009160586711908475, 330, 0.0264
0.01267914620849385, 436, 0.03488
0.015511217923007019, 538, 0.04304
0.013098589389239294, 424, 0.03392
0.010184449168358551, 353, 0.02824
0.011271637451217899, 395, 0.0316
0.013249103312838439, 435, 0.0348
0.0051513447302970646, 160, 0.0128
0.008354704541123636, 262, 0.02096
0.016269111948877066, 529, 0.04232
0.011524471545118454, 372, 0.02976
0.011842527582462618, 400, 0.032
0.016392730927971094, 569, 0.04552
0.015901329052291482, 543, 0.04344
0.016271531708970808, 554, 0.04432
0.010315462500453855, 360, 0.0288
0.013136967708499162, 422, 0.03376
0.01603268336057198, 514, 0.04112
0.01211257048911177, 439, 0.03512
0.013053669746202739, 418, 0.03344
0.011718502639080098, 427, 0.03416
0.012826544055987257, 414, 0.03312
0.016712633621179928, 565, 0.0452
0.015754856203665946, 489, 0.03912
0.016585137827985694, 537, 0.04296
0.010702804441493876, 356, 0.02848
0.011450366863314942, 392, 0.03136
0.01030256181449966, 345, 0.0276
0.01690616089383206, 609, 0.04872
0.015721536928362978, 543, 0.04344
0.017155475028785366, 576, 0.04608
0.011815912040643767, 368, 0.02944
0.01676468197702607, 535, 0.0428
0.010951465173674563, 349, 0.02792
0.01384991656997883, 475, 0.038
0.009226299917480526, 306, 0.02448
0.012659595299811493, 435, 0.0348
0.010780967846314224, 383, 0.03064
0.014086409093236949, 440, 0.0352
0.00981233846818049, 316, 0.02528
0.005401398458198476, 183, 0.01464
0.0060957927218388075, 211, 0.01688
0.011272105063563775, 367, 0.02936
0.01572541873038562, 509, 0.04072
0.012474769916899782, 438, 0.03504
0.012781570678663059, 413, 0.03304
0.011826807182107527, 410, 0.0328
0.007077435033560056, 254, 0.02032
0.013357945486463, 437, 0.03496
0.01767798933627391, 579, 0.04632
0.007698194944860327, 271, 0.02168
0.012328368430582326, 404, 0.03232
0.007055404930387769, 226, 0.01808
0.013762833329612114, 453, 0.03624
0.013739352656571105, 504, 0.04032
0.011500521374218703, 380, 0.0304
0.01543601330138006, 536, 0.04288
0.012956875349092317, 445, 0.0356
0.005258248686488469, 193, 0.01544
0.007869212964495064, 266, 0.02128
0.01447861899350946, 488, 0.03904
0.013336354252164806, 443, 0.03544
0.009809678265467256, 342, 0.02736
0.011015914508344648, 376, 0.03008
0.016692535753629886, 560, 0.0448
0.01583607358185471, 561, 0.04488
0.014622210104726373, 488, 0.03904
0.012077937426311402, 389, 0.03112
0.014228874862744522, 471, 0.03768
0.020896691406602812, 690, 0.0552
0.012785405335745001, 442, 0.03536
0.007639186369332472, 275, 0.022
0.008155585819464147, 271, 0.02168
0.016448003535487962, 534, 0.04272
0.013004581047335331, 450, 0.036
0.01194352334804552, 435, 0.0348
0.016572138240898145, 552, 0.04416
0.004970064374369383, 176, 0.01408
0.01249525568220555, 470, 0.0376
0.02164983989606443, 688, 0.05504
0.011048187909343655, 376, 0.03008
0.008797093646995277, 320, 0.0256
0.014619879063654837, 502, 0.04016
0.016984736073400977, 572, 0.04576
0.015239963212905959, 517, 0.04136
0.007613280518800565, 279, 0.02232
0.011238708139312225, 387, 0.03096
0.015445453625719884, 526, 0.04208
0.014735907884403406, 515, 0.0412
0.01168962696533204, 444, 0.03552
0.020093703616765476, 670, 0.0536
0.011849532184779688, 365, 0.0292
0.018775223348634216, 566, 0.04528
0.013613537741125406, 454, 0.03632
0.018031282566535727, 590, 0.0472
0.00684475764734945, 255, 0.0204
0.0122072679277182, 424, 0.03392
0.017784957671003934, 554, 0.04432
0.012955444811297467, 402, 0.03216
0.011343875548429397, 359, 0.02872
0.010229944217953148, 337, 0.02696
0.015745012893336456, 539, 0.04312
0.00951376906612943, 319, 0.02552
0.011791031510129954, 396, 0.03168
0.018054583254067873, 595, 0.0476
0.018975182775970365, 620, 0.0496
0.010727346027188325, 364, 0.02912
0.020747420443694698, 693, 0.05544
0.010971417362150139, 345, 0.0276
0.011676371370907043, 434, 0.03472
0.013434751634625429, 438, 0.03504
0.013474667945287481, 431, 0.03448
0.009722803846880106, 327, 0.02616
0.01386701052368971, 458, 0.03664
0.01992801177026039, 673, 0.05384
0.012902229709387305, 443, 0.03544
0.015774221291393487, 550, 0.044
0.013696503808465323, 437, 0.03496
0.011846052655205887, 408, 0.03264
0.01333244311676634, 440, 0.0352
0.014339867967934416, 488, 0.03904
0.014448911104291664, 488, 0.03904
0.014279951167825307, 509, 0.04072
0.018246256837020535, 647, 0.05176
0.010882908867032247, 371, 0.02968
0.016686528046347453, 550, 0.044
0.01465525108982582, 474, 0.03792
0.015786708229380525, 547, 0.04376
0.018228099972064597, 620, 0.0496
0.017689771633896383, 629, 0.05032
0.017300431438460794, 535, 0.0428
0.014828727402893985, 511, 0.04088
0.017543984986949583, 573, 0.04584
0.013657400466586079, 438, 0.03504
0.013529433872812642, 427, 0.03416
0.009929590125268527, 322, 0.02576
0.014782229709139543, 479, 0.03832
0.01135382238807092, 369, 0.02952
0.01740650380989616, 577, 0.04616
0.010789645667063785, 371, 0.02968
0.009158781928085691, 299, 0.02392
0.010203174638459293, 330, 0.0264
0.015249809852495149, 518, 0.04144
0.011024744513698597, 369, 0.02952
0.011525946028314278, 414, 0.03312
0.00983988420584926, 322, 0.02576
0.012020563621144117, 429, 0.03432
0.007453974424119164, 263, 0.02104
0.017251208971138483, 551, 0.04408
0.011784875516959187, 384, 0.03072
0.011021592415991646, 362, 0.02896
0.019723789381947607, 645, 0.0516
0.010109363017891988, 355, 0.0284
0.015142898511857312, 491, 0.03928
0.01642021009072384, 537, 0.04296
0.012619342846603642, 408, 0.03264
0.013976535853708396, 454, 0.03632
0.014681068655285907, 505, 0.0404
0.01306518235678002, 429, 0.03432
0.012267315715904732, 412, 0.03296
