Time to failure, Number of defective sites, Fraction of defect
0.00597791903987342, 497, 0.0497
0.005524297800080999, 458, 0.0458
0.004659204170252787, 354, 0.0354
0.005294540995650516, 455, 0.0455
0.003407895634004644, 284, 0.0284
0.007071696818448885, 536, 0.0536
0.005425633800874223, 399, 0.0399
0.00527269356805619, 410, 0.041
0.0024845249542575823, 202, 0.0202
0.003844683982830041, 317, 0.0317
0.004322060662369981, 355, 0.0355
0.002694597691682175, 223, 0.0223
0.00407274550204428, 298, 0.0298
0.006116800063576632, 473, 0.0473
0.0058859863115366985, 465, 0.0465
0.004188617681360879, 351, 0.0351
0.0017726787280528185, 135, 0.0135
0.005486827296492563, 388, 0.0388
0.0034843615880595993, 256, 0.0256
0.006300783779702322, 485, 0.0485
0.003059366858580223, 229, 0.0229
0.001149304134555565, 87, 0.0087
0.006424370956669842, 520, 0.052
0.006150383439171331, 489, 0.0489
0.003893408826591968, 297, 0.0297
0.004444819726898749, 340, 0.034
0.004511851217461853, 331, 0.0331
0.005017999512517227, 358, 0.0358
0.003908670481217334, 321, 0.0321
0.00675567316520631, 500, 0.05
0.0034278714291801076, 270, 0.027
0.006092773279635948, 469, 0.0469
0.00376821857090296, 308, 0.0308
0.004255827245730697, 362, 0.0362
0.004514201877897534, 373, 0.0373
0.005636657150439622, 448, 0.0448
0.004318203966974758, 354, 0.0354
0.0016815719050726789, 139, 0.0139
0.004356889383296513, 326, 0.0326
0.0037215173642264755, 312, 0.0312
0.004910812826003582, 378, 0.0378
0.0049905612092433485, 403, 0.0403
0.002691261838968843, 231, 0.0231
0.009256497620095267, 715, 0.0715
0.005616025862163003, 437, 0.0437
0.004244300660179608, 347, 0.0347
0.005101671103183522, 395, 0.0395
0.00621404525901978, 496, 0.0496
0.005568027476726351, 439, 0.0439
0.0035914282354394976, 283, 0.0283
0.006375676159041206, 502, 0.0502
0.002873253379013176, 223, 0.0223
0.004772749713192238, 390, 0.039
0.004842288675152845, 374, 0.0374
0.005611278818635607, 437, 0.0437
0.0052586510913632525, 396, 0.0396
0.005617936632716376, 474, 0.0474
0.004961746939009185, 391, 0.0391
0.0023835650984452197, 201, 0.0201
0.003346638089566183, 251, 0.0251
0.004541163197581699, 328, 0.0328
0.005546941629105469, 423, 0.0423
0.006098354191236875, 468, 0.0468
0.00530752437533833, 391, 0.0391
0.004659964301030472, 398, 0.0398
0.004279798364854072, 355, 0.0355
0.003266987875927941, 259, 0.0259
0.004513601444076463, 345, 0.0345
0.0039087201699645234, 306, 0.0306
0.0052307972291094395, 420, 0.042
0.006867565762000232, 520, 0.052
0.008558368067794498, 640, 0.064
0.004162701048067409, 350, 0.035
0.0055254906983182575, 463, 0.0463
0.006850124512532304, 537, 0.0537
0.005221895616404272, 403, 0.0403
0.0023129625023269626, 187, 0.0187
0.003193509907883902, 272, 0.0272
0.007000923063851675, 514, 0.0514
0.009313977056825948, 776, 0.0776
0.006138728791458981, 482, 0.0482
0.004750672014628195, 344, 0.0344
0.004991783956860987, 427, 0.0427
0.005080140607603365, 419, 0.0419
0.004422858127256817, 332, 0.0332
0.00713125674158859, 560, 0.056
0.004140197480841087, 326, 0.0326
0.006563332652422932, 525, 0.0525
0.006317832781543104, 513, 0.0513
0.005251943360319186, 376, 0.0376
0.006552621287489019, 513, 0.0513
0.007452468106427618, 553, 0.0553
0.005063207660216872, 424, 0.0424
0.0024233669537481323, 216, 0.0216
0.004168249724105759, 314, 0.0314
0.006403014137570453, 492, 0.0492
0.005606317121374435, 448, 0.0448
0.0032380314206538027, 247, 0.0247
0.0016962054496413063, 147, 0.0147
0.004731706427042406, 367, 0.0367
0.005254282685329274, 446, 0.0446
0.00564826403471083, 447, 0.0447
0.004719517746660683, 359, 0.0359
0.004739180113336146, 399, 0.0399
0.003597923711967022, 293, 0.0293
0.004231696917350509, 318, 0.0318
0.006253085606310429, 471, 0.0471
0.006793039412143591, 509, 0.0509
0.00432110635756939, 346, 0.0346
0.006306350522580109, 523, 0.0523
0.005735883181794552, 449, 0.0449
0.004452271705750283, 332, 0.0332
0.00621294043139927, 504, 0.0504
0.005008752516649151, 398, 0.0398
0.007943919831717026, 608, 0.0608
0.005197582467224993, 387, 0.0387
0.007191601207619958, 565, 0.0565
0.00675471576231815, 532, 0.0532
0.006359390443157779, 510, 0.051
0.0035232926986927078, 268, 0.0268
0.00677764537857994, 538, 0.0538
0.004400158987976948, 345, 0.0345
0.002349309739754841, 208, 0.0208
0.004994745638870994, 406, 0.0406
0.006212053571737632, 515, 0.0515
0.007118302341319982, 584, 0.0584
0.004068058160473267, 360, 0.036
0.0069388805380251805, 545, 0.0545
0.00472658193172964, 406, 0.0406
0.004474337348718562, 344, 0.0344
0.00583393702918136, 477, 0.0477
0.006744799808422132, 510, 0.051
0.007084932306122184, 551, 0.0551
0.006520682686840271, 504, 0.0504
0.0029520233979103347, 239, 0.0239
0.007232788349168514, 602, 0.0602
0.002739704550247299, 207, 0.0207
0.00475071621875515, 358, 0.0358
0.001648533584019339, 163, 0.0163
0.004347533130521965, 333, 0.0333
0.004283548799823031, 325, 0.0325
0.005565871087355396, 420, 0.042
0.0018804382008662057, 146, 0.0146
0.0035213251149295278, 270, 0.027
0.004207321093120763, 346, 0.0346
0.008040713698058415, 613, 0.0613
0.00703560626415544, 514, 0.0514
0.005790560235461172, 437, 0.0437
0.006055620539771851, 472, 0.0472
0.003740108627425486, 320, 0.032
0.005597487532835455, 412, 0.0412
0.004980281104138441, 389, 0.0389
0.007048675961462933, 587, 0.0587
0.006804363018190473, 481, 0.0481
0.006091915607727626, 490, 0.049
0.003884918342850026, 282, 0.0282
0.005983851634115601, 476, 0.0476
0.005331224844244079, 400, 0.04
0.004577458750394405, 366, 0.0366
0.00686780068560743, 558, 0.0558
0.0024312909555448464, 215, 0.0215
0.0029572481260095184, 238, 0.0238
0.0041073594217667835, 344, 0.0344
0.003989284899549196, 308, 0.0308
0.004610808628738268, 418, 0.0418
0.004483449468603422, 395, 0.0395
0.004592677494773786, 378, 0.0378
0.0063729662356754166, 503, 0.0503
0.0034282257368376604, 269, 0.0269
0.0035892828238328705, 277, 0.0277
0.001712503456224218, 158, 0.0158
0.005268155423901402, 398, 0.0398
0.004559381003892799, 358, 0.0358
0.003394209837310234, 244, 0.0244
0.004131828878787334, 363, 0.0363
0.009155710898880213, 669, 0.0669
0.004166174615786704, 355, 0.0355
0.005395364242470472, 441, 0.0441
0.00248600546767583, 220, 0.022
0.006885028947298961, 543, 0.0543
0.007282249350803901, 605, 0.0605
0.004191844616429939, 338, 0.0338
0.005407330806327867, 417, 0.0417
0.004456660064466746, 351, 0.0351
0.006040414304966751, 505, 0.0505
0.004016665549669959, 310, 0.031
0.0038522479848528365, 313, 0.0313
0.005926306688539408, 489, 0.0489
0.004172781023717964, 344, 0.0344
0.004671450871026906, 356, 0.0356
0.0049202761406707705, 377, 0.0377
0.005866549273554624, 464, 0.0464
0.0039089307389843725, 316, 0.0316
0.005235595998284647, 375, 0.0375
0.006148345951163626, 483, 0.0483
0.006568440855458728, 477, 0.0477
0.003497113535613244, 242, 0.0242
0.004729344004251591, 400, 0.04
0.004433287796651648, 359, 0.0359
0.005382410831423785, 453, 0.0453
0.006301629996258462, 470, 0.047
0.00421121019071434, 341, 0.0341
0.0048924769467401956, 370, 0.037
0.006872787787818921, 572, 0.0572
0.004109576409718234, 328, 0.0328
0.002756485922955152, 232, 0.0232
0.006265844171572258, 469, 0.0469
0.010876800558486947, 795, 0.0795
0.006359632362983617, 455, 0.0455
0.003909531808033275, 318, 0.0318
0.004055802862968265, 338, 0.0338
0.0057683757321084815, 472, 0.0472
0.0037350372748517977, 307, 0.0307
0.0066778391271742395, 490, 0.049
0.004900080433229977, 404, 0.0404
0.0034309619861326262, 295, 0.0295
0.007181361404036343, 589, 0.0589
0.0044321208548573215, 364, 0.0364
0.005277864876681296, 426, 0.0426
0.0017863983005136565, 151, 0.0151
0.006201609081494046, 516, 0.0516
0.004390726957180295, 333, 0.0333
0.003348959864872023, 258, 0.0258
0.004665404429697475, 357, 0.0357
0.00599378401082087, 446, 0.0446
0.006727764620574668, 539, 0.0539
0.005411214468164167, 426, 0.0426
0.006444574896257368, 498, 0.0498
0.003148694553251088, 259, 0.0259
0.005642082890743717, 433, 0.0433
0.004711820401511833, 364, 0.0364
0.004938432451169156, 365, 0.0365
0.003249977692401979, 253, 0.0253
0.0072902905673243755, 544, 0.0544
0.0058489591551349595, 462, 0.0462
0.004435880828278135, 361, 0.0361
0.004124546981296086, 330, 0.033
0.00461327158804935, 358, 0.0358
0.00487827691255014, 373, 0.0373
0.004636733746050398, 372, 0.0372
0.002507924229440363, 231, 0.0231
0.0024854766502382867, 203, 0.0203
0.006230439939640996, 502, 0.0502
0.004432996931294324, 375, 0.0375
0.005691793151439665, 421, 0.0421
0.006628672509529812, 506, 0.0506
0.005198029384066601, 398, 0.0398
0.007364746582929505, 577, 0.0577
0.005074417693413775, 380, 0.038
0.00565786474339248, 432, 0.0432
0.006171072478321451, 461, 0.0461
0.005843893193680039, 448, 0.0448
0.004232381573773905, 342, 0.0342
0.007900019298764153, 564, 0.0564
0.001588348927724648, 135, 0.0135
0.0062192203348352786, 461, 0.0461
0.006181326859973145, 485, 0.0485
0.002536236857277498, 216, 0.0216
0.006996309953587566, 523, 0.0523
0.007908287924261707, 659, 0.0659
0.004314285492501701, 358, 0.0358
0.0035522517218633926, 269, 0.0269
0.005412150089334953, 428, 0.0428
0.005674794651765088, 441, 0.0441
0.00674642108017263, 488, 0.0488
0.0038917204568604353, 311, 0.0311
0.00737103651484857, 569, 0.0569
0.004457317384315212, 326, 0.0326
0.006126591229995863, 446, 0.0446
0.006474249538282831, 497, 0.0497
0.006631106940003524, 526, 0.0526
0.004878565344033013, 365, 0.0365
0.005324766357911317, 438, 0.0438
0.003594015372269156, 292, 0.0292
0.004643564590434193, 394, 0.0394
0.004888329890541567, 408, 0.0408
0.003575506766209425, 299, 0.0299
0.004934732605527932, 401, 0.0401
0.0036239730949838202, 288, 0.0288
0.0048842665307930805, 374, 0.0374
0.005409318025747985, 429, 0.0429
0.007417950594191818, 585, 0.0585
0.002725412044252952, 212, 0.0212
0.003714709799761438, 293, 0.0293
0.004624970333195535, 355, 0.0355
0.003726942866448912, 298, 0.0298
0.008428468078738576, 645, 0.0645
0.00422192528555577, 333, 0.0333
0.005249068405714903, 395, 0.0395
0.00512842502344028, 410, 0.041
0.005195516989031615, 412, 0.0412
0.0034723205539103326, 288, 0.0288
0.004873255112779884, 363, 0.0363
0.006827099249716132, 540, 0.054
0.0029624230367036423, 250, 0.025
0.004026215608714164, 304, 0.0304
0.004684527500630399, 385, 0.0385
0.006315693864444396, 512, 0.0512
0.006026328173923734, 468, 0.0468
0.002031205514568434, 164, 0.0164
