Time to failure, Number of defective sites, Fraction of defect
0.036989208184163576, 2927, 0.23416
0.03209406839205318, 2500, 0.2
0.03175850656699224, 2568, 0.20544
0.026109995747446768, 2167, 0.17336
0.010324703017565759, 952, 0.07616
0.03762351690059189, 2842, 0.22736
0.041571259757877156, 3029, 0.24232
0.03036447177440464, 2438, 0.19504
0.0393456297887599, 2938, 0.23504
0.0460487666333226, 3446, 0.27568
0.04679070713400689, 3389, 0.27112
0.03992747999443141, 2904, 0.23232
0.030222881034434056, 2367, 0.18936
0.041068217231629546, 2978, 0.23824
0.03743842578980746, 2916, 0.23328
0.03055795998631959, 2508, 0.20064
0.03434205573173051, 2679, 0.21432
0.04704981769250732, 3397, 0.27176
0.04316723239521426, 3192, 0.25536
0.03220518691524541, 2503, 0.20024
0.036317981865140465, 2731, 0.21848
0.04593925504096247, 3361, 0.26888
0.04650659496189565, 3447, 0.27576
0.035248182146018374, 2712, 0.21696
0.025667555780296124, 2102, 0.16816
0.04128121962652644, 3119, 0.24952
0.04632908251594221, 3422, 0.27376
0.05104860866191098, 3653, 0.29224
0.024855735569205683, 1996, 0.15968
0.04933292884784204, 3606, 0.28848
0.0435436415662695, 3247, 0.25976
0.04637828843848241, 3392, 0.27136
0.03763292985881944, 2903, 0.23224
0.030385720784256158, 2438, 0.19504
0.035388348308260036, 2721, 0.21768
0.03771218429661563, 2863, 0.22904
0.04233655802837216, 3181, 0.25448
0.01997997250356631, 1661, 0.13288
0.03549326504295505, 2766, 0.22128
0.03296360066374219, 2540, 0.2032
0.04395387111799451, 3325, 0.266
0.04103056755432423, 3124, 0.24992
0.03280807503990548, 2599, 0.20792
0.026990653013224352, 2232, 0.17856
0.037508139882984154, 2853, 0.22824
0.05026233651377709, 3591, 0.28728
0.04845881844031938, 3457, 0.27656
0.03708736876779152, 2828, 0.22624
0.038884599532096296, 2959, 0.23672
0.03394411127335405, 2717, 0.21736
0.04733973909190237, 3400, 0.272
0.03391233305645673, 2565, 0.2052
0.03299673668500629, 2706, 0.21648
0.02749030848339654, 2253, 0.18024
0.04536165014153999, 3393, 0.27144
0.03628816272565732, 2731, 0.21848
0.05236043509711879, 3760, 0.3008
0.034257894732534655, 2727, 0.21816
0.0268976604945864, 2165, 0.1732
0.04142317349545674, 3136, 0.25088
0.02912066496342242, 2343, 0.18744
0.014817596671449563, 1216, 0.09728
0.041285695538364364, 3121, 0.24968
0.03434392646656885, 2664, 0.21312
0.04337140247050219, 3260, 0.2608
0.026749780741581908, 2144, 0.17152
0.03664160718073805, 2794, 0.22352
0.037705742986878225, 2857, 0.22856
0.0390571719582187, 2986, 0.23888
0.03817340181450006, 2959, 0.23672
0.0429206951796635, 3179, 0.25432
0.016579451677336408, 1405, 0.1124
0.04797934843813325, 3517, 0.28136
0.027545432056868956, 2193, 0.17544
0.03186315397746492, 2566, 0.20528
0.03728218270055442, 2873, 0.22984
0.03273341488310509, 2676, 0.21408
0.02577580721178205, 2130, 0.1704
0.04909762551030689, 3523, 0.28184
0.039816847880891564, 3046, 0.24368
0.031329958053645315, 2520, 0.2016
0.03406602344067129, 2685, 0.2148
0.049100056054526706, 3503, 0.28024
0.0332164949943862, 2637, 0.21096
0.03089046083241127, 2479, 0.19832
0.042352937710929524, 3085, 0.2468
0.020479489028462843, 1760, 0.1408
0.019779287960411084, 1675, 0.134
0.03681697162808023, 2850, 0.228
0.03622208235056317, 2783, 0.22264
0.023948064800355547, 1964, 0.15712
0.030431741249996067, 2362, 0.18896
0.03211844208192468, 2582, 0.20656
0.05094102328904942, 3634, 0.29072
0.031233048433811184, 2506, 0.20048
0.03860785338699167, 2984, 0.23872
0.042379904026980074, 3153, 0.25224
0.0197819620291989, 1670, 0.1336
0.04811509824248104, 3472, 0.27776
0.037178306400343974, 2824, 0.22592
0.03143882130358157, 2439, 0.19512
0.03608560216449161, 2820, 0.2256
0.021622866201344598, 1866, 0.14928
0.03446679330992159, 2643, 0.21144
0.05013325838289341, 3618, 0.28944
0.03507858943336993, 2777, 0.22216
0.046208945480325184, 3358, 0.26864
0.04298008302145489, 3211, 0.25688
0.03499535815489613, 2716, 0.21728
0.024246885027039925, 2008, 0.16064
0.03383530910769366, 2623, 0.20984
0.028751238374623365, 2347, 0.18776
0.03370304566429684, 2665, 0.2132
0.02097943758704298, 1685, 0.1348
0.036920849231113856, 2871, 0.22968
0.04405540427696601, 3299, 0.26392
0.025695117850228436, 2118, 0.16944
0.028384846339099424, 2315, 0.1852
0.035327703544239523, 2694, 0.21552
0.024529144517871977, 2087, 0.16696
0.03052480278105399, 2337, 0.18696
0.04025317857664176, 3011, 0.24088
0.03684231544927191, 2799, 0.22392
0.03979110121405236, 3063, 0.24504
0.020468813360646786, 1727, 0.13816
0.026616611435197918, 2155, 0.1724
0.041950319215116785, 3184, 0.25472
0.01669689301833791, 1488, 0.11904
0.0262947441075647, 2186, 0.17488
0.03184483737636372, 2530, 0.2024
0.03534894331614097, 2747, 0.21976
0.02988469474529222, 2438, 0.19504
0.02506534318053395, 2078, 0.16624
0.03902126627923911, 2974, 0.23792
0.03411036473215868, 2692, 0.21536
0.04473274453901462, 3195, 0.2556
0.018716861502230887, 1555, 0.1244
0.0349247314768192, 2762, 0.22096
0.053381834990941755, 3716, 0.29728
0.02188193331001487, 1851, 0.14808
0.03405882177387853, 2701, 0.21608
0.045485468901837266, 3341, 0.26728
0.021590402663621586, 1805, 0.1444
0.04346297391192989, 3194, 0.25552
0.042496516274298325, 3201, 0.25608
0.04087252593736314, 3036, 0.24288
0.027271578819521105, 2222, 0.17776
0.025977085039300546, 2109, 0.16872
0.03147569497030992, 2447, 0.19576
0.027095523934017107, 2263, 0.18104
0.021187816757534204, 1758, 0.14064
0.03344336628508398, 2616, 0.20928
0.017004761017904775, 1457, 0.11656
0.038977027901156085, 3061, 0.24488
0.04143339311114785, 3128, 0.25024
0.02638232754051111, 2196, 0.17568
0.038130376733255616, 2916, 0.23328
0.027821157672408538, 2290, 0.1832
0.020864800907438103, 1775, 0.142
0.029167023198084927, 2325, 0.186
0.01700113372269002, 1454, 0.11632
0.04897628435308807, 3510, 0.2808
0.054993820120994484, 3841, 0.30728
0.03668248702014383, 2878, 0.23024
0.02586839444399064, 2140, 0.1712
0.0356352734853787, 2764, 0.22112
0.04801618345913875, 3438, 0.27504
0.04243600443358293, 3084, 0.24672
0.039745691028259186, 2958, 0.23664
0.054368941423605543, 3874, 0.30992
0.022711919680532357, 1833, 0.14664
0.029258152341717324, 2379, 0.19032
0.048377887919882324, 3540, 0.2832
0.05155981413136738, 3607, 0.28856
0.03254063274667448, 2556, 0.20448
0.04738703039189879, 3393, 0.27144
0.028957155016464477, 2385, 0.1908
0.029477955903315062, 2286, 0.18288
0.03312405274080787, 2657, 0.21256
0.048903604397655134, 3553, 0.28424
0.03163930466112266, 2595, 0.2076
0.047323352530927856, 3409, 0.27272
0.04202671850980703, 3188, 0.25504
0.026416987072540407, 2191, 0.17528
0.03390435525045354, 2673, 0.21384
0.04443810571169569, 3289, 0.26312
0.03965242261607702, 2975, 0.238
0.04094574239337144, 3057, 0.24456
0.027591508996966288, 2258, 0.18064
0.0288253869141124, 2267, 0.18136
0.04340366775002924, 3217, 0.25736
0.03967914204274336, 2941, 0.23528
0.041407344053691036, 3048, 0.24384
0.03880960294509927, 2959, 0.23672
0.025212570210718096, 1987, 0.15896
0.03992262601680199, 3093, 0.24744
0.03847554981464408, 2954, 0.23632
0.040998251789131315, 2945, 0.2356
0.02477773546430321, 2034, 0.16272
0.026034813001347017, 2067, 0.16536
0.024127018248014675, 1983, 0.15864
0.024730385784954758, 2152, 0.17216
0.03020422033993115, 2437, 0.19496
0.03228405937556277, 2501, 0.20008
0.038611206374856544, 2903, 0.23224
0.04138666645886062, 3141, 0.25128
0.046361169921938394, 3394, 0.27152
0.01260856304079736, 1056, 0.08448
0.043604591217452436, 3227, 0.25816
0.04386771860213286, 3205, 0.2564
0.03669320830712944, 2868, 0.22944
0.03750007545228827, 2882, 0.23056
0.027867210754996725, 2227, 0.17816
0.04067657128867056, 3175, 0.254
0.04270462707457707, 3114, 0.24912
0.029981022852098575, 2363, 0.18904
0.022522650114053612, 1928, 0.15424
0.04073624718092683, 3056, 0.24448
0.031976734759483524, 2575, 0.206
0.037823430130231546, 2889, 0.23112
0.0275871291696144, 2277, 0.18216
0.036577748383658876, 2828, 0.22624
0.03826078165802873, 2897, 0.23176
0.036805076978243575, 2816, 0.22528
0.03387119901261264, 2606, 0.20848
0.042684740879006845, 3181, 0.25448
0.04538736137974911, 3268, 0.26144
0.042252956160671824, 3196, 0.25568
0.04374294467731758, 3213, 0.25704
0.041454804342043045, 3132, 0.25056
0.03443813677202666, 2683, 0.21464
0.04588867710432015, 3404, 0.27232
0.037850789172981104, 2896, 0.23168
0.026621892699177186, 2147, 0.17176
0.03853758361081597, 2945, 0.2356
0.047548122009763265, 3489, 0.27912
0.03356020608723659, 2577, 0.20616
0.025778799958089234, 2050, 0.164
0.04170329380136157, 3169, 0.25352
0.04309903934708116, 3210, 0.2568
0.03280145987351829, 2617, 0.20936
0.031158992560800926, 2437, 0.19496
0.02173084504588603, 1811, 0.14488
0.052304575205634196, 3827, 0.30616
0.035357963910628745, 2747, 0.21976
0.031338256142037654, 2521, 0.20168
0.03920993754068009, 3025, 0.242
0.04116236409844358, 3077, 0.24616
0.053781932211012004, 3776, 0.30208
0.03973226339821261, 2883, 0.23064
0.026963883875769173, 2193, 0.17544
0.038113771003304854, 2976, 0.23808
0.03042513343362602, 2419, 0.19352
0.05095182670548709, 3682, 0.29456
0.04445881575734275, 3245, 0.2596
0.04868363537513274, 3459, 0.27672
0.053238357271890274, 3731, 0.29848
0.04003043760807757, 3049, 0.24392
0.025542189712737327, 2058, 0.16464
0.034238635830588636, 2670, 0.2136
0.03501535026907237, 2716, 0.21728
0.04002175641894161, 3007, 0.24056
0.04649500408927089, 3460, 0.2768
0.021096004903084626, 1773, 0.14184
0.028662744938336145, 2353, 0.18824
0.04456011725128535, 3288, 0.26304
0.02941384639588053, 2330, 0.1864
0.049031143356523, 3470, 0.2776
0.027552914791052704, 2268, 0.18144
0.031877708053989914, 2521, 0.20168
0.019869817831216406, 1688, 0.13504
0.034880203935839564, 2748, 0.21984
0.03599333695347698, 2837, 0.22696
0.049525096614409, 3571, 0.28568
0.022432197512726557, 1890, 0.1512
0.03719243509630799, 2808, 0.22464
0.040940036855652444, 3134, 0.25072
0.02298144020449939, 1946, 0.15568
0.016801861024524897, 1499, 0.11992
0.023385191061525812, 2002, 0.16016
0.037682442957227814, 2883, 0.23064
0.04118295406635626, 3036, 0.24288
0.0297515669522293, 2316, 0.18528
0.039898650460406165, 3092, 0.24736
0.022360858372843132, 1860, 0.1488
0.032998360197116314, 2559, 0.20472
0.04064042662356026, 3018, 0.24144
0.034885375874221226, 2720, 0.2176
0.03586435354987618, 2868, 0.22944
0.04480605210185532, 3302, 0.26416
0.04492563924455048, 3329, 0.26632
0.04567249999112012, 3309, 0.26472
0.032494854830949424, 2575, 0.206
0.03771167203998568, 2902, 0.23216
0.03910693774300535, 3054, 0.24432
0.03808222300292303, 2878, 0.23024
0.03777114942554746, 2846, 0.22768
0.042952251255041235, 3229, 0.25832
0.02725163742204926, 2240, 0.1792
0.03422499450658905, 2716, 0.21728
0.030257170822005956, 2468, 0.19744
0.02394970810366785, 1947, 0.15576
0.035540314064671626, 2693, 0.21544
0.03222950467221421, 2544, 0.20352
0.032159018414013356, 2535, 0.2028
0.046738341619160684, 3427, 0.27416
0.03395085603417469, 2636, 0.21088
0.029314030644588453, 2435, 0.1948
0.026400736910481563, 2138, 0.17104
0.03134881068287113, 2455, 0.1964
0.02424320754898416, 2075, 0.166
0.048131463179194964, 3505, 0.2804
0.03972957973310223, 2983, 0.23864
0.040366589369768856, 3042, 0.24336
0.033791793787369545, 2690, 0.2152
0.048393230658155185, 3484, 0.27872
0.042424854797341344, 3153, 0.25224
0.02872124935949943, 2327, 0.18616
0.035369315521831035, 2741, 0.21928
0.037448630750536505, 2800, 0.224
0.04303122932069481, 3171, 0.25368
0.03463520046735519, 2766, 0.22128
0.025571072870498226, 2077, 0.16616
0.04071975613237855, 3031, 0.24248
0.04234390464514937, 3165, 0.2532
0.05144422331171915, 3688, 0.29504
0.019208719075687723, 1632, 0.13056
0.03603643323467649, 2741, 0.21928
0.05256712185536416, 3683, 0.29464
0.036834404114333245, 2781, 0.22248
0.04085958305209774, 3075, 0.246
0.03479539916144944, 2761, 0.22088
0.03926230805155109, 3029, 0.24232
0.048830541900593646, 3438, 0.27504
0.03234235840617219, 2531, 0.20248
0.02772414923172453, 2202, 0.17616
0.041599972823036735, 3072, 0.24576
0.033438727904058045, 2650, 0.212
0.03425562347759466, 2710, 0.2168
0.02829997771808072, 2250, 0.18
0.03412144912665038, 2653, 0.21224
0.03784893184402941, 2984, 0.23872
0.04323075977826373, 3217, 0.25736
0.04348448597044107, 3255, 0.2604
0.05213192101859518, 3665, 0.2932
0.03467421550544417, 2745, 0.2196
0.05397789670482643, 3765, 0.3012
0.02520051898153235, 2082, 0.16656
0.03255610835699528, 2566, 0.20528
0.033416703120205116, 2627, 0.21016
0.03506557258432709, 2652, 0.21216
0.03538652379909397, 2747, 0.21976
0.030224483333216604, 2511, 0.20088
0.02442953084015613, 2008, 0.16064
0.036029543802378244, 2737, 0.21896
0.019475463183451763, 1649, 0.13192
0.023428194592217778, 1940, 0.1552
0.018440172092169065, 1634, 0.13072
0.040806542229625396, 3048, 0.24384
0.0246502285206132, 2040, 0.1632
0.03248981308573682, 2559, 0.20472
0.02878299584561248, 2322, 0.18576
0.02760804750367746, 2193, 0.17544
0.03406804217182302, 2718, 0.21744
0.028655787517749134, 2386, 0.19088
0.0380595177534489, 2903, 0.23224
0.020626690570794585, 1754, 0.14032
0.03161508530605758, 2500, 0.2
0.04702823182004042, 3464, 0.27712
0.04409845125049294, 3175, 0.254
0.04469795007304093, 3298, 0.26384
0.033647791131638724, 2593, 0.20744
0.03481722820879285, 2648, 0.21184
0.04468110454352659, 3238, 0.25904
0.03985185428192335, 2952, 0.23616
0.04414069175057916, 3275, 0.262
0.053579806683524425, 3734, 0.29872
0.03508211387427054, 2743, 0.21944
0.017340387050713814, 1433, 0.11464
0.035574932549466066, 2703, 0.21624
0.03682088799934095, 2822, 0.22576
0.04221897598518995, 3129, 0.25032
0.02443976426971721, 2056, 0.16448
0.032971262767857806, 2590, 0.2072
0.051712392704927786, 3745, 0.2996
0.03606352493236734, 2782, 0.22256
0.04432857515735035, 3270, 0.2616
0.04092980563539307, 3034, 0.24272
0.013023343766598888, 1154, 0.09232
0.03585951576850538, 2763, 0.22104
0.02980397382055431, 2325, 0.186
0.03692676281767935, 2845, 0.2276
0.045279073303094095, 3383, 0.27064
0.03957821610287029, 2970, 0.2376
0.03460819355201849, 2741, 0.21928
0.05022551868674253, 3597, 0.28776
0.03056913969935064, 2458, 0.19664
0.035762373435966714, 2710, 0.2168
0.031928590875160257, 2557, 0.20456
0.04576621772122506, 3379, 0.27032
